t4-1.5.xlsx  4  3  [[-1.4749821  -0.87836826 -1.1061987   6.8207583 ]]
t4-1.5.xlsx  4  3  [[-1.6464596 -3.0161524 -1.6965652  7.2969804]]
t4-1.5.xlsx  4  3  [[-1.4019105 -1.815193  -1.5323391  7.0280867]]
t4-1.5.xlsx  4  3  [[-2.4958112 -2.3219268 -1.560983   7.410708 ]]
t4-1.5.xlsx  4  3  [[-1.7426658 -0.4415835 -1.6335813  7.4891996]]
t4-1.5.xlsx  4  3  [[-3.1982756  -1.5150911  -0.98282045  7.752111  ]]
t4-1.5.xlsx  4  3  [[-2.3418405  -1.9313782  -0.74572176  8.37559   ]]
t4-1.5.xlsx  4  3  [[-2.9547606 -1.8539734 -2.039611   8.477347 ]]
t4-1.5.xlsx  4  3  [[-1.8341515 -2.788387  -1.7157954  8.09279  ]]
t4-1.5.xlsx  4  3  [[-1.4494498 -2.441344  -1.2213464  8.970411 ]]
t4-1.5.xlsx  4  3  [[-2.8115177  -2.3307416  -0.42815524  8.60267   ]]
t4-1.5.xlsx  4  3  [[-2.0649705 -1.5827082 -2.1230404  8.340108 ]]
t4-1.5.xlsx  4  3  [[-2.000727  -1.9712236 -1.6303264  7.065932 ]]
t4-1.5.xlsx  4  3  [[-1.0567755 -1.318977  -1.7823739  5.723193 ]]
t4-1.5.xlsx  4  3  [[-1.7948433 -1.6333243 -1.066688   6.245936 ]]
t4-1.5.xlsx  4  3  [[-2.3798456  -0.74525267 -0.16846147  7.7132716 ]]
t4-1.5.xlsx  4  3  [[-1.6552227 -0.6022346 -1.3372755  6.9531374]]
t4-1.5.xlsx  4  3  [[-0.5869251 -2.103241  -1.3732476  7.499494 ]]
t4-1.5.xlsx  4  3  [[-1.7587172 -0.2720683 -1.587453   4.8869147]]
t4-1.5.xlsx  4  3  [[-1.9649384 -2.2597847 -1.1842782  6.657893 ]]
t4-1.5.xlsx  4  3  [[-1.2602698 -2.5403976 -0.8521639  7.3710995]]
t4-1.5.xlsx  4  3  [[-2.150442  -1.723161  -1.2614582  7.471375 ]]
t4-1.5.xlsx  4  3  [[-1.8772551  -0.86865294 -1.2626019   6.6897783 ]]
t4-1.5.xlsx  4  3  [[-1.3997084 -2.5955539 -1.6006672  7.8963685]]
t4-1.5.xlsx  4  3  [[-1.8061687 -3.1828632 -1.5374861  8.583467 ]]
t4-1.5.xlsx  4  3  [[-1.6610804 -0.9750894 -1.4771395  7.0045533]]
t4-1.5.xlsx  4  3  [[-1.8150278 -1.3059422 -1.2099061  6.882799 ]]
t4-1.5.xlsx  4  3  [[-0.5202733 -0.9999405 -1.4933465  5.2609777]]
t4-1.5.xlsx  4  3  [[-1.0375725  -0.6123835  -0.99145836  6.648188  ]]
t4-1.5.xlsx  4  3  [[-2.137575  -1.9439727 -0.3492073  7.4126744]]
t4-1.5.xlsx  4  3  [[-2.3217576 -2.0141497 -1.29749    7.47666  ]]
t4-1.5.xlsx  4  3  [[-1.6290842 -2.9176328 -1.0777692  7.0490675]]
t4-1.5.xlsx  4  3  [[-1.1703018 -2.1554866 -0.6864712  6.8187733]]
t4-1.5.xlsx  4  3  [[-2.2522843  -1.7701309  -0.49536592  8.019704  ]]
t4-1.5.xlsx  4  3  [[-2.1168146 -2.2983556 -1.3666903  8.393019 ]]
t4-1.5.xlsx  4  3  [[-0.74233603 -2.1361384  -2.0160086   7.307579  ]]
t4-1.5.xlsx  4  3  [[-1.7199289 -2.0671303 -1.2125711  7.571488 ]]
t4-1.5.xlsx  4  3  [[-2.9454296  -2.786395   -0.44318658  8.558005  ]]
t4-1.5.xlsx  4  3  [[-1.9160365 -2.4930665 -1.7669663  8.951403 ]]
t4-1.5.xlsx  4  3  [[-2.518607  -1.3852229 -0.0471058  8.353103 ]]
t4-1.5.xlsx  4  3  [[-2.1346612 -1.9306573 -1.335897   7.4382405]]
t4-1.5.xlsx  4  3  [[-2.5320687 -1.7041095 -1.7668825  7.215471 ]]
t4-1.5.xlsx  4  3  [[-1.3970537  -2.0435002  -0.52029485  7.7615504 ]]
t4-1.5.xlsx  4  3  [[-2.30319   -1.9524779 -0.9502996  7.886513 ]]
t4-1.5.xlsx  4  3  [[-2.6969848 -1.928408  -1.0484653  6.8856297]]
t4-1.5.xlsx  4  3  [[-1.536111   -1.1555561  -0.66326314  7.332147  ]]
t4-1.5.xlsx  4  3  [[-1.8924652  -1.0536863  -0.62031496  7.8720584 ]]
t4-1.5.xlsx  4  3  [[-1.518041  -2.1793964 -1.0896341  6.60232  ]]
t4-1.5.xlsx  4  3  [[-2.1124945  -1.5322263  -0.77366364  6.298377  ]]
t4-1.5.xlsx  4  3  [[-1.6219296 -2.2010112 -0.6029494  7.016439 ]]
t4-1.5.xlsx  4  3  [[-2.838154  -1.555215  -0.9675197  7.109568 ]]
t4-1.5.xlsx  4  3  [[-2.0284476  -1.7465239  -0.47764796  7.246761  ]]
t4-1.5.xlsx  4  3  [[-2.1112778 -2.1028123 -1.2107399  8.087064 ]]
t4-1.5.xlsx  4  3  [[-0.85408103 -1.9759144  -0.23109463  6.446959  ]]
t4-1.5.xlsx  4  3  [[-1.3536732 -2.3539608 -1.7249079  7.468365 ]]
t4-1.5.xlsx  4  3  [[-2.2266903 -2.2230258 -0.7985656  8.498939 ]]
t4-1.5.xlsx  4  3  [[-0.8809655  -1.2027326  -0.06009481  6.408711  ]]
t4-1.5.xlsx  4  3  [[-1.8098606 -0.8006653 -1.6949588  5.620256 ]]
t4-1.5.xlsx  4  3  [[-1.6126636 -2.4385078 -1.5710137  7.3971357]]
t4-1.5.xlsx  4  3  [[-1.8337146 -1.9446176 -0.8266885  7.855096 ]]
t4-1.5.xlsx  4  3  [[-1.7434521 -1.7125419 -1.4607412  8.5112505]]
t4-1.5.xlsx  4  3  [[-2.4854784  -1.3334295   0.03923147  8.363349  ]]
t4-1.5.xlsx  4  3  [[-2.1904068 -2.1105244 -1.2611402  7.2238474]]
t4-1.5.xlsx  4  3  [[-2.157851  -1.1916261 -1.4194713  6.7816057]]
t4-1.5.xlsx  4  3  [[-1.3787714  -0.09499615 -0.97041297  6.0891786 ]]
t4-1.5.xlsx  4  3  [[-2.05839   -1.6127774 -1.1437848  6.3148255]]
t4-1.5.xlsx  4  3  [[-0.7165229 -0.7190605 -0.9440791  5.61069  ]]
t4-1.5.xlsx  4  3  [[-2.6803646 -1.4677199 -1.2169691  7.7812867]]
t4-1.5.xlsx  4  3  [[-0.31477937 -1.4885097  -1.9393016   7.508737  ]]
t4-1.5.xlsx  4  3  [[-0.9759314 -1.8854532 -1.7882724  7.369954 ]]
t4-1.5.xlsx  4  3  [[-2.126763  -2.4888027 -1.5206044  9.051728 ]]
t4-1.5.xlsx  4  3  [[-2.6002975 -1.2209861 -0.4650678  7.1058393]]
t4-1.5.xlsx  4  3  [[-1.7856694 -2.114086  -0.3466249  6.837564 ]]
t4-1.5.xlsx  4  3  [[-2.3057668 -1.1892146 -1.2742434  7.662568 ]]
t4-1.5.xlsx  4  3  [[-1.4141439 -1.685238  -0.8337562  8.732359 ]]
t4-1.5.xlsx  4  3  [[-2.027981  -2.041652  -1.5751961  7.1073318]]
t4-1.5.xlsx  4  3  [[-2.217617  -1.7745835 -0.7612659  7.811126 ]]
t4-1.5.xlsx  4  3  [[-3.0872197  -2.0842266  -0.84670806  8.2642145 ]]
t4-1.5.xlsx  4  3  [[-2.083995  -1.4857488 -1.4140444  8.889741 ]]
t4-1.5.xlsx  4  3  [[-2.3579702  -1.7408998  -0.96346664  8.097363  ]]
t4-1.5.xlsx  4  3  [[-2.1292608 -2.083306  -1.4098153  9.115214 ]]
t4-1.5.xlsx  4  3  [[-2.0865011 -2.0663142 -1.5926675  8.445301 ]]
t4-1.5.xlsx  4  3  [[-1.9876524 -2.37256   -1.16159    7.5238957]]
t4-1.5.xlsx  4  3  [[-2.559805  -1.5267849 -0.66467    6.809997 ]]
t4-1.5.xlsx  4  3  [[-2.570761  -2.6014094 -0.9301813  9.009466 ]]
t4-1.5.xlsx  4  3  [[-1.2066543 -2.1076114 -1.2085428  6.8086934]]
t4-1.5.xlsx  4  3  [[-1.7137299  -1.7667767  -0.73449767  7.846583  ]]
t4-1.5.xlsx  4  3  [[-1.9894577  -1.998527   -0.85382396  7.9625106 ]]
t4-1.5.xlsx  4  3  [[-1.0296514 -1.6373796 -1.6964794  8.039342 ]]
t4-1.5.xlsx  4  3  [[-1.674765  -2.3739312 -1.0500696  7.179259 ]]
t4-1.5.xlsx  4  3  [[-2.1164227  -0.91986644 -1.6119659   7.1217103 ]]
t4-1.5.xlsx  4  3  [[-2.1574166 -1.6760291 -2.1161513  7.4278173]]
t4-1.5.xlsx  4  3  [[-1.8433245 -1.9922999 -0.8887511  8.877896 ]]
t4-1.5.xlsx  4  3  [[-1.8395729 -2.1897185 -1.205035   7.555883 ]]
t4-1.5.xlsx  4  3  [[-0.98136854 -2.8715246  -1.3538207   9.003216  ]]
t4-1.5.xlsx  4  3  [[-1.4331243 -1.7438434 -1.1107922  8.224231 ]]
t4-1.5.xlsx  4  3  [[-2.1701238 -1.3308249 -1.9604982  7.5924144]]
t4-1.5.xlsx  4  3  [[-2.5578954e+00 -4.8052361e-03 -1.6085393e+00  7.0343709e+00]]
t4-1.5.xlsx  4  3  [[-2.3534317 -1.80114   -1.5279502  8.595281 ]]
t4-1.5.xlsx  4  3  [[-2.4351351 -2.2211292 -1.1331418  9.389407 ]]
