t1-5.7.xlsx  1  0  [[ 5.8547826  2.5618725 -2.8493986 -3.4801075]]
t1-5.7.xlsx  1  0  [[ 5.2407174  0.6896864 -2.3968313 -2.5668817]]
t1-5.7.xlsx  1  0  [[ 5.480489   1.8180579 -3.976807  -3.500812 ]]
t1-5.7.xlsx  1  0  [[ 6.215632   0.3892161 -3.7366729 -4.390035 ]]
t1-5.7.xlsx  1  0  [[ 8.244834   0.1378954 -2.7454214 -3.2115715]]
t1-5.7.xlsx  1  0  [[ 4.6134477  2.0904422 -2.5311    -2.4012177]]
t1-5.7.xlsx  1  0  [[ 6.3723006   0.85965234 -3.2399375  -3.094018  ]]
t1-5.7.xlsx  1  0  [[ 5.9092965  2.0243654 -2.6293826 -2.634673 ]]
t1-5.7.xlsx  1  0  [[ 7.4808354   0.13794373 -3.5563107  -3.2419653 ]]
t1-5.7.xlsx  1  0  [[ 6.9159436  1.7211677 -3.604763  -3.376036 ]]
t1-5.7.xlsx  1  0  [[ 6.3832874  1.3829321 -3.506078  -3.5118675]]
t1-5.7.xlsx  1  0  [[ 6.2503066  1.1932557 -3.4426234 -3.52368  ]]
t1-5.7.xlsx  1  0  [[ 6.5477147 -1.0659    -2.7350311 -4.0457454]]
t1-5.7.xlsx  1  0  [[ 6.882337   1.8681101 -3.4229224 -3.5197031]]
t1-5.7.xlsx  1  0  [[ 5.093899   1.1057577 -3.5568683 -3.060037 ]]
t1-5.7.xlsx  1  0  [[ 6.003544   1.5144209 -2.1428273 -3.3763027]]
t1-5.7.xlsx  1  0  [[ 5.4668856   0.26813722 -3.3523068  -3.4135509 ]]
t1-5.7.xlsx  1  0  [[ 5.6936026  1.4195486 -3.0783153 -2.834896 ]]
t1-5.7.xlsx  1  0  [[ 5.232622    0.50642896 -3.9468043  -3.3876033 ]]
t1-5.7.xlsx  1  0  [[ 6.2235928  2.6473079 -2.51201   -3.4838948]]
t1-5.7.xlsx  1  0  [[ 6.282563    0.36045495 -2.4634717  -3.0636442 ]]
t1-5.7.xlsx  1  0  [[ 5.6592736  1.241325  -2.9338312 -3.4228313]]
t1-5.7.xlsx  1  0  [[ 6.3530917  1.7250438 -3.1720634 -3.593471 ]]
t1-5.7.xlsx  1  0  [[ 6.513452   0.6616631 -4.7427673 -3.4884334]]
t1-5.7.xlsx  1  0  [[ 6.068048    0.07129492 -3.006753   -4.0497966 ]]
t1-5.7.xlsx  1  0  [[ 7.400248    0.40893865 -2.6210556  -2.8391688 ]]
t1-5.7.xlsx  1  0  [[ 6.4722986   0.18290184 -3.8300583  -3.671422  ]]
t1-5.7.xlsx  1  0  [[ 5.054756   0.4816053 -4.019018  -3.5003786]]
t1-5.7.xlsx  1  0  [[ 5.4957447  1.8759997 -2.062283  -2.881938 ]]
t1-5.7.xlsx  1  0  [[ 6.008725   0.557639  -2.7652001 -3.3509893]]
t1-5.7.xlsx  1  0  [[ 6.967411    0.65270853 -2.73367    -3.653617  ]]
t1-5.7.xlsx  1  0  [[ 6.233911   1.0616186 -4.0120645 -3.5295417]]
t1-5.7.xlsx  1  0  [[ 4.5071483  0.9797301 -2.8919733 -2.4218166]]
t1-5.7.xlsx  1  0  [[ 6.337351    0.38779393 -3.1961303  -3.381228  ]]
t1-5.7.xlsx  1  0  [[ 6.4140306  2.2692418 -2.7664645 -3.1253467]]
t1-5.7.xlsx  1  0  [[ 6.2405624  2.144534  -2.863147  -2.5938432]]
t1-5.7.xlsx  1  0  [[ 7.227173   1.1290759 -3.5546262 -3.2342467]]
t1-5.7.xlsx  1  0  [[ 4.9824567   0.43450353 -2.863756   -3.5047064 ]]
t1-5.7.xlsx  1  0  [[ 6.5301657   0.84957206 -2.803664   -2.7064054 ]]
t1-5.7.xlsx  1  0  [[ 5.391142   1.1639835 -2.4240434 -3.0991306]]
t1-5.7.xlsx  1  0  [[ 6.4366655  1.1301302 -2.7844903 -3.3138509]]
t1-5.7.xlsx  1  0  [[ 6.1931515  -0.51818836 -3.596484   -3.787986  ]]
t1-5.7.xlsx  1  0  [[ 5.654565   1.0259154 -2.778436  -3.4612036]]
t1-5.7.xlsx  1  0  [[ 6.1735024  1.3204747 -2.392464  -3.443896 ]]
t1-5.7.xlsx  1  0  [[ 6.1789355  0.9145818 -3.288551  -3.6488936]]
t1-5.7.xlsx  1  0  [[ 5.858761   1.3353442 -3.4826255 -3.136826 ]]
t1-5.7.xlsx  1  0  [[ 4.6400027  1.3157972 -3.6137476 -3.9238052]]
t1-5.7.xlsx  1  0  [[ 6.6586595  1.8784912 -3.367255  -3.3152816]]
t1-5.7.xlsx  1  0  [[ 5.7007957  1.1017002 -3.0718699 -3.2791688]]
t1-5.7.xlsx  1  0  [[ 6.494512   1.2102239 -2.878238  -4.0389066]]
t1-5.7.xlsx  1  0  [[ 6.960135    0.59550595 -2.7279227  -3.5636446 ]]
t1-5.7.xlsx  1  0  [[ 5.92041    1.3936445 -3.5681236 -3.508797 ]]
t1-5.7.xlsx  1  0  [[ 5.7279067  0.7737806 -2.6457014 -4.048922 ]]
t1-5.7.xlsx  1  0  [[ 4.936023   1.3002791 -3.0746772 -3.2190452]]
t1-5.7.xlsx  1  0  [[ 5.287829   2.1910036 -3.4374783 -2.1385887]]
t1-5.7.xlsx  1  0  [[ 6.317144   -0.18594691 -3.4373918  -4.2201176 ]]
t1-5.7.xlsx  1  0  [[ 4.9118633  1.7789333 -2.4597292 -3.3004136]]
t1-5.7.xlsx  1  0  [[ 5.3479204  1.6030596 -3.0249496 -3.2382166]]
t1-5.7.xlsx  1  0  [[ 6.7743320e+00 -6.0964366e-03 -3.5269251e+00 -3.8106599e+00]]
t1-5.7.xlsx  1  0  [[ 5.7956295  1.1871427 -3.3243136 -3.6189349]]
t1-5.7.xlsx  1  0  [[ 5.4769435  0.5229645 -3.4198678 -2.375635 ]]
t1-5.7.xlsx  1  0  [[ 6.0106497   0.64449424 -4.0395937  -3.1408527 ]]
t1-5.7.xlsx  1  0  [[ 6.7700963   0.20939341 -2.7678964  -4.275898  ]]
t1-5.7.xlsx  1  0  [[ 5.122302   1.0440578 -2.8872674 -3.5416791]]
t1-5.7.xlsx  1  0  [[ 6.6946936  0.8608522 -3.3582587 -3.0390804]]
t1-5.7.xlsx  1  0  [[ 4.9901395   0.53951216 -3.313717   -2.6004252 ]]
t1-5.7.xlsx  1  0  [[ 6.096301    0.44121423 -3.4139771  -3.5310965 ]]
t1-5.7.xlsx  1  0  [[ 6.3696094 -0.584828  -2.6634746 -4.0686584]]
t1-5.7.xlsx  1  0  [[ 6.611818    0.71851367 -3.2542315  -3.3925345 ]]
t1-5.7.xlsx  1  0  [[ 6.015722   1.9472262 -2.8752136 -3.3118281]]
t1-5.7.xlsx  1  0  [[ 4.9993     2.3636508 -2.0760858 -2.985194 ]]
t1-5.7.xlsx  1  0  [[ 5.757889   1.1141901 -3.0106323 -3.0294397]]
t1-5.7.xlsx  1  0  [[ 5.642805   0.3197227 -3.1609674 -3.268805 ]]
t1-5.7.xlsx  1  0  [[ 5.766379    0.58396596 -2.1746447  -3.2485354 ]]
t1-5.7.xlsx  1  0  [[ 5.92311    1.3651277 -4.281935  -3.129874 ]]
t1-5.7.xlsx  1  0  [[ 7.3765593  -0.33765253 -2.159561   -3.753136  ]]
t1-5.7.xlsx  1  0  [[ 5.445249   0.9008597 -3.7557037 -4.515411 ]]
t1-5.7.xlsx  1  0  [[ 5.4678535  0.981969  -3.0078874 -3.545558 ]]
t1-5.7.xlsx  1  0  [[ 5.784359   1.2575282 -3.6424034 -3.7672   ]]
t1-5.7.xlsx  1  0  [[ 7.3440847  1.3071033 -2.660543  -3.591389 ]]
t1-5.7.xlsx  1  0  [[ 5.655058   2.0249102 -2.7986574 -3.098936 ]]
t1-5.7.xlsx  1  0  [[ 6.1086392  0.7661077 -3.571939  -3.4301784]]
t1-5.7.xlsx  1  0  [[ 6.774841  -0.0682327 -3.0941806 -4.024127 ]]
t1-5.7.xlsx  1  0  [[ 6.727528    0.75457406 -2.9025862  -3.3046885 ]]
t1-5.7.xlsx  1  0  [[ 7.477077   1.5673369 -4.173478  -3.7554088]]
t1-5.7.xlsx  1  0  [[ 7.107537   -0.03768133 -3.8523757  -4.1279283 ]]
t1-5.7.xlsx  1  0  [[ 5.531807   1.4740582 -2.248334  -2.9620883]]
t1-5.7.xlsx  1  0  [[ 6.5541797  0.6277035 -2.9958985 -4.247179 ]]
t1-5.7.xlsx  1  0  [[ 6.424146   -0.20900895 -3.5407991  -3.710215  ]]
t1-5.7.xlsx  1  0  [[ 6.8713264  1.3668048 -3.2197666 -3.8684845]]
t1-5.7.xlsx  1  0  [[ 5.2041235  2.1668913 -2.3614774 -2.5227027]]
t1-5.7.xlsx  1  0  [[ 6.8823376 -0.1014619 -2.7090092 -3.133861 ]]
t1-5.7.xlsx  1  0  [[ 6.470181   0.6164602 -3.5667908 -3.998527 ]]
t1-5.7.xlsx  1  0  [[ 5.7242646  0.5175992 -3.4360952 -3.7813482]]
t1-5.7.xlsx  1  0  [[ 5.2505193  0.4225014 -2.4242423 -3.0518007]]
t1-5.7.xlsx  1  0  [[ 6.002697    0.43029886 -2.889979   -3.4884443 ]]
t1-5.7.xlsx  1  0  [[ 6.9020023  0.4156611 -2.8916204 -3.8438463]]
t1-5.7.xlsx  1  0  [[ 6.7217655  0.6864437 -3.8859076 -3.984258 ]]
t1-5.7.xlsx  1  0  [[ 5.4306893  1.9070002 -3.1215248 -3.793922 ]]
t1-5.7.xlsx  1  0  [[ 5.9131503  1.1766034 -2.844461  -3.5127394]]
