t2-11.4.xlsx  2  1  [[ 0.36229578  5.308183   -5.1517477  -2.8838148 ]]
t2-11.4.xlsx  2  1  [[ 0.8418204  5.3623676 -4.7507343 -3.6530988]]
t2-11.4.xlsx  2  1  [[ 0.91658944  5.4528055  -4.041802   -2.8024578 ]]
t2-11.4.xlsx  2  1  [[-0.32879007  4.244245   -4.535791   -2.4833078 ]]
t2-11.4.xlsx  2  1  [[ 1.2056594  4.7024484 -4.705841  -3.39673  ]]
t2-11.4.xlsx  2  1  [[ 0.20723496  5.063999   -3.9496853  -3.4132822 ]]
t2-11.4.xlsx  2  1  [[ 0.06628388  5.2624087  -3.637937   -3.3126113 ]]
t2-11.4.xlsx  2  1  [[ 0.06728387  5.5732417  -4.3489647  -3.1117356 ]]
t2-11.4.xlsx  2  1  [[ 1.4535544  5.371559  -5.2771597 -3.3795874]]
t2-11.4.xlsx  2  1  [[ 1.3837887  5.456681  -4.0206776 -3.0476162]]
t2-11.4.xlsx  2  1  [[ 1.1212637  4.8601136 -4.4108214 -2.0923624]]
t2-11.4.xlsx  2  1  [[ 0.5389623  3.6863897 -4.5335007 -3.007727 ]]
t2-11.4.xlsx  2  1  [[ 0.5465906  5.6921053 -3.259618  -2.5022678]]
t2-11.4.xlsx  2  1  [[ 0.7731412  4.204376  -4.6514807 -2.9162364]]
t2-11.4.xlsx  2  1  [[ 0.5947435  5.08315   -5.2609806 -2.944646 ]]
t2-11.4.xlsx  2  1  [[ 1.3163161  4.9059253 -4.3850408 -1.7239989]]
t2-11.4.xlsx  2  1  [[ 1.4651858  5.198868  -3.23049   -2.7455351]]
t2-11.4.xlsx  2  1  [[-0.37154645  3.985374   -5.2705684  -3.768794  ]]
t2-11.4.xlsx  2  1  [[ 1.3608925  4.570872  -3.7545397 -2.5347006]]
t2-11.4.xlsx  2  1  [[ 0.6269615  4.2421293 -5.4042945 -2.8355372]]
t2-11.4.xlsx  2  1  [[ 0.41917711  5.000983   -4.592034   -3.7989175 ]]
t2-11.4.xlsx  2  1  [[ 1.1874789  4.85135   -3.7766004 -3.2936993]]
t2-11.4.xlsx  2  1  [[ 1.1104606  4.9172335 -5.1329503 -3.6142492]]
t2-11.4.xlsx  2  1  [[ 1.242245   5.121198  -3.5675757 -2.069893 ]]
t2-11.4.xlsx  2  1  [[ 0.4598482  4.884058  -4.3586583 -3.1680102]]
t2-11.4.xlsx  2  1  [[-0.4492397  4.922734  -4.870273  -3.8867774]]
t2-11.4.xlsx  2  1  [[ 0.80603695  3.9966297  -4.5130925  -3.4121513 ]]
t2-11.4.xlsx  2  1  [[ 5.7299454e-03  6.5499229e+00 -3.8908288e+00 -3.2151520e+00]]
t2-11.4.xlsx  2  1  [[ 0.13478899  5.3222694  -3.999458   -2.8095245 ]]
t2-11.4.xlsx  2  1  [[-0.1849342  4.585651  -5.043059  -3.483719 ]]
t2-11.4.xlsx  2  1  [[ 0.44509667  4.6774383  -4.744028   -2.6192143 ]]
t2-11.4.xlsx  2  1  [[ 2.18242    4.3010087 -4.5694222 -3.3576982]]
t2-11.4.xlsx  2  1  [[ 0.93851894  5.3020115  -4.689527   -2.9704936 ]]
t2-11.4.xlsx  2  1  [[ 0.5069163  4.962926  -5.046731  -3.2892566]]
t2-11.4.xlsx  2  1  [[ 0.8531174  4.7696996 -3.684803  -2.66504  ]]
t2-11.4.xlsx  2  1  [[ 0.02287784  4.494834   -4.3083987  -3.5491667 ]]
t2-11.4.xlsx  2  1  [[-0.5699178  5.0792484 -4.5847445 -3.8749883]]
t2-11.4.xlsx  2  1  [[ 0.8511788  4.2876196 -4.78466   -3.3215094]]
t2-11.4.xlsx  2  1  [[ 0.41422653  5.6795177  -3.9360266  -2.5578022 ]]
t2-11.4.xlsx  2  1  [[ 0.74165285  4.9072523  -4.2973633  -3.2205026 ]]
t2-11.4.xlsx  2  1  [[ 0.6599246  4.964184  -4.028472  -3.8263395]]
t2-11.4.xlsx  2  1  [[ 0.09523154  6.2895045  -4.187449   -2.8556144 ]]
t2-11.4.xlsx  2  1  [[ 0.7864465  4.796834  -5.348498  -3.1892512]]
t2-11.4.xlsx  2  1  [[-0.31039912  4.143867   -4.111062   -2.4646313 ]]
t2-11.4.xlsx  2  1  [[ 0.24835157  4.2154956  -4.534333   -2.496674  ]]
t2-11.4.xlsx  2  1  [[ 0.8956504  5.49889   -3.5708392 -2.2430017]]
t2-11.4.xlsx  2  1  [[ 0.5512136  5.5999436 -3.6208334 -2.4369779]]
t2-11.4.xlsx  2  1  [[ 0.96818393  4.204467   -4.6932755  -2.548666  ]]
t2-11.4.xlsx  2  1  [[ 1.0846218  5.581376  -4.854769  -3.6324782]]
t2-11.4.xlsx  2  1  [[ 2.1610518  5.9576383 -3.920266  -3.042441 ]]
t2-11.4.xlsx  2  1  [[ 0.9461741  6.145654  -3.941505  -2.6312685]]
t2-11.4.xlsx  2  1  [[ 1.057775   4.894309  -4.381071  -2.6901221]]
t2-11.4.xlsx  2  1  [[ 0.5535535  4.8762474 -4.6334286 -4.1777873]]
t2-11.4.xlsx  2  1  [[ 0.6950868  4.50107   -4.916233  -2.492815 ]]
t2-11.4.xlsx  2  1  [[ 0.11564767  4.3780284  -4.6314697  -3.5551689 ]]
t2-11.4.xlsx  2  1  [[ 1.178093   5.613845  -4.8290215 -3.8042812]]
t2-11.4.xlsx  2  1  [[ 0.4900161  4.309436  -3.8064659 -2.7778523]]
t2-11.4.xlsx  2  1  [[ 0.03888687  5.671122   -4.403519   -3.3469698 ]]
t2-11.4.xlsx  2  1  [[-0.01384349  4.836296   -4.475677   -3.504928  ]]
t2-11.4.xlsx  2  1  [[ 1.3495991  5.3730526 -4.147414  -2.9418912]]
t2-11.4.xlsx  2  1  [[ 0.7033065  5.3597174 -5.063503  -4.0823555]]
t2-11.4.xlsx  2  1  [[ 0.08500065  4.6073976  -5.0945888  -2.8378854 ]]
t2-11.4.xlsx  2  1  [[ 4.1806120e-03  6.2311177e+00 -3.8452165e+00 -2.5542028e+00]]
t2-11.4.xlsx  2  1  [[-0.1456168  5.259715  -4.802637  -3.4149241]]
t2-11.4.xlsx  2  1  [[ 0.85107154  4.7706714  -4.552067   -3.6404634 ]]
t2-11.4.xlsx  2  1  [[ 0.54604644  4.6482167  -3.9946473  -3.3387372 ]]
t2-11.4.xlsx  2  1  [[ 1.3897252  4.571443  -4.3382616 -3.3920782]]
t2-11.4.xlsx  2  1  [[ 0.8559138  5.190941  -4.590763  -3.1871493]]
t2-11.4.xlsx  2  1  [[-0.89142305  5.7949963  -4.515231   -3.275474  ]]
t2-11.4.xlsx  2  1  [[ 0.5036178  4.7654567 -4.774042  -3.0985217]]
t2-11.4.xlsx  2  1  [[ 0.76223695  4.896307   -3.904986   -2.5705888 ]]
t2-11.4.xlsx  2  1  [[ 0.636938   4.059436  -4.6635475 -3.5897472]]
t2-11.4.xlsx  2  1  [[ 0.96524495  4.436909   -4.459438   -2.5811388 ]]
t2-11.4.xlsx  2  1  [[ 0.4622659  4.9129195 -3.922312  -3.053718 ]]
t2-11.4.xlsx  2  1  [[ 0.3027106  4.5529175 -4.3111806 -3.8936367]]
t2-11.4.xlsx  2  1  [[-0.7569067  4.79877   -3.8425279 -3.1890419]]
t2-11.4.xlsx  2  1  [[ 0.3346323  5.3206043 -4.712681  -2.8958611]]
t2-11.4.xlsx  2  1  [[-0.21880136  5.3866735  -3.9892874  -2.7784507 ]]
t2-11.4.xlsx  2  1  [[-0.06325462  5.505625   -3.7807055  -3.101772  ]]
t2-11.4.xlsx  2  1  [[ 0.830519   4.966446  -4.7262735 -3.4148843]]
t2-11.4.xlsx  2  1  [[ 1.0019927  4.9352674 -5.3301516 -3.677318 ]]
t2-11.4.xlsx  2  1  [[ 0.27010304  3.7997506  -4.797098   -2.67504   ]]
t2-11.4.xlsx  2  1  [[ 0.4733793  5.0193906 -4.1769047 -3.4613578]]
t2-11.4.xlsx  2  1  [[ 0.34693718  4.2763987  -4.1149993  -2.50904   ]]
t2-11.4.xlsx  2  1  [[ 1.2152243  4.720832  -4.8141084 -2.9250002]]
t2-11.4.xlsx  2  1  [[-0.05494624  4.5111184  -4.2327304  -3.1730049 ]]
t2-11.4.xlsx  2  1  [[ 0.9331656  5.008755  -5.400892  -2.408337 ]]
t2-11.4.xlsx  2  1  [[-0.18645863  4.7914057  -3.5648644  -3.228227  ]]
t2-11.4.xlsx  2  1  [[ 0.83834547  4.5438967  -4.8117595  -3.3803484 ]]
t2-11.4.xlsx  2  1  [[ 0.12495885  4.9462457  -4.510887   -3.9423792 ]]
t2-11.4.xlsx  2  1  [[-0.80773944  4.867833   -4.3798065  -3.1131723 ]]
t2-11.4.xlsx  2  1  [[ 1.0304686  6.0832233 -4.434768  -2.4419389]]
t2-11.4.xlsx  2  1  [[ 1.2781726  4.0816846 -4.8124676 -3.8703668]]
t2-11.4.xlsx  2  1  [[-0.09939554  5.0245433  -4.6051316  -3.3238397 ]]
t2-11.4.xlsx  2  1  [[ 0.7666098  4.645441  -4.860266  -2.6093338]]
t2-11.4.xlsx  2  1  [[-0.39560878  4.3595552  -4.169387   -3.419735  ]]
t2-11.4.xlsx  2  1  [[ 0.9929731  4.4192934 -4.6950536 -3.2973008]]
t2-11.4.xlsx  2  1  [[-0.7678305  5.0983152 -3.9489036 -2.611639 ]]
t2-11.4.xlsx  2  1  [[-0.11642785  5.6078796  -5.2328243  -3.6015847 ]]
t2-11.4.xlsx  2  1  [[-0.13931222  5.3763213  -5.2863164  -3.677104  ]]
