t3-7.2.xlsx  3  2  [[-0.71006745 -1.7456392   4.5146184  -2.341844  ]]
t3-7.2.xlsx  3  2  [[-0.6740376 -1.4977639  4.780522  -1.4529322]]
t3-7.2.xlsx  3  2  [[-0.37957963 -1.635095    4.6144886  -1.6636974 ]]
t3-7.2.xlsx  3  2  [[ 0.36223292 -1.7372143   4.029076   -1.6795051 ]]
t3-7.2.xlsx  3  2  [[-0.5605423 -2.2697709  4.808155  -1.5935891]]
t3-7.2.xlsx  3  2  [[ 0.1651914 -2.2411182  4.550432  -2.0536194]]
t3-7.2.xlsx  3  2  [[ 0.2336265 -2.0010638  3.924684  -1.9172539]]
t3-7.2.xlsx  3  2  [[ 1.0899209 -1.5552093  3.6549234 -1.8497028]]
t3-7.2.xlsx  3  2  [[ 0.33445984 -1.8813018   4.861661   -1.9345475 ]]
t3-7.2.xlsx  3  2  [[ 0.987248  -1.6857731  4.71258   -2.493212 ]]
t3-7.2.xlsx  3  2  [[-0.19009577 -1.635318    3.8148904  -2.9604435 ]]
t3-7.2.xlsx  3  2  [[ 0.42072713 -2.14823     3.8355846  -2.2407181 ]]
t3-7.2.xlsx  3  2  [[ 0.78967154 -1.1525466   4.764942   -2.718278  ]]
t3-7.2.xlsx  3  2  [[ 0.44808492 -2.1761012   5.090541   -1.9299318 ]]
t3-7.2.xlsx  3  2  [[ 0.48067442 -2.3173842   3.7612414  -1.7914927 ]]
t3-7.2.xlsx  3  2  [[ 0.24256775 -1.1233642   4.1533394  -2.1069236 ]]
t3-7.2.xlsx  3  2  [[-0.2928456 -1.6576599  4.8295436 -1.1729233]]
t3-7.2.xlsx  3  2  [[ 0.0375011 -2.0335374  4.786371  -2.208558 ]]
t3-7.2.xlsx  3  2  [[-0.13423993 -2.4371219   3.2908618  -2.3483026 ]]
t3-7.2.xlsx  3  2  [[ 0.2667141 -1.7739574  4.6943073 -2.3344781]]
t3-7.2.xlsx  3  2  [[ 1.5789304 -2.5065234  3.2087893 -2.673254 ]]
t3-7.2.xlsx  3  2  [[ 1.3362334 -2.6967638  3.5148585 -1.464157 ]]
t3-7.2.xlsx  3  2  [[ 1.2636094 -2.3524597  4.151972  -2.6271808]]
t3-7.2.xlsx  3  2  [[ 0.49067068 -1.6197035   4.824074   -1.7865832 ]]
t3-7.2.xlsx  3  2  [[-0.55640453 -1.7148153   4.474197   -1.9193314 ]]
t3-7.2.xlsx  3  2  [[ 1.6923466 -1.7393223  4.7080703 -2.5413315]]
t3-7.2.xlsx  3  2  [[ 0.36887023 -2.9313006   3.0280247  -2.2411978 ]]
t3-7.2.xlsx  3  2  [[ 0.23695435 -0.9751128   4.9896264  -1.8599968 ]]
t3-7.2.xlsx  3  2  [[ 0.3281974 -2.5446053  3.6455297 -2.6088488]]
t3-7.2.xlsx  3  2  [[ 0.6609303 -2.1047492  3.3297975 -2.2031243]]
t3-7.2.xlsx  3  2  [[ 0.27794454 -3.0713716   4.519532   -2.1580656 ]]
t3-7.2.xlsx  3  2  [[ 0.7855794 -1.0101268  4.279477  -1.7985548]]
t3-7.2.xlsx  3  2  [[ 0.87140137 -2.8329499   4.2198186  -0.8606193 ]]
t3-7.2.xlsx  3  2  [[ 1.7827761 -1.6642863  4.1054583 -1.879085 ]]
t3-7.2.xlsx  3  2  [[ 0.20225972 -2.1561823   3.620502   -2.6309118 ]]
t3-7.2.xlsx  3  2  [[-0.543456  -1.4461138  5.153966  -2.6995904]]
t3-7.2.xlsx  3  2  [[-0.34461695 -1.1162984   4.314367   -1.6345066 ]]
t3-7.2.xlsx  3  2  [[ 0.8864178 -1.9444684  4.4198055 -1.9711288]]
t3-7.2.xlsx  3  2  [[ 1.3612475 -2.5282583  4.4329553 -1.4460968]]
t3-7.2.xlsx  3  2  [[-0.04241505 -1.152069    3.2791896  -1.9222466 ]]
t3-7.2.xlsx  3  2  [[-0.599405  -2.2254753  5.3887124 -2.14687  ]]
t3-7.2.xlsx  3  2  [[ 0.48483208 -1.9075024   3.9791358  -2.0009513 ]]
t3-7.2.xlsx  3  2  [[ 0.3321162 -2.2301493  4.0627327 -1.9296819]]
t3-7.2.xlsx  3  2  [[ 0.18732035 -2.632744    4.2823935  -1.1745825 ]]
t3-7.2.xlsx  3  2  [[ 0.82430106 -2.457674    3.4271772  -2.0319295 ]]
t3-7.2.xlsx  3  2  [[ 0.10757002 -1.193921    4.5733933  -1.9330716 ]]
t3-7.2.xlsx  3  2  [[ 0.9374861 -1.8782196  4.9638133 -1.7284193]]
t3-7.2.xlsx  3  2  [[ 0.2043864 -2.7288942  4.1409554 -1.704014 ]]
t3-7.2.xlsx  3  2  [[ 0.2823838 -0.8126175  4.0050316 -1.2595844]]
t3-7.2.xlsx  3  2  [[-0.28587818 -2.235413    4.077936   -2.1683471 ]]
t3-7.2.xlsx  3  2  [[ 0.464016  -0.8859482  4.7418137 -1.0704741]]
t3-7.2.xlsx  3  2  [[ 0.5657711 -2.492419   4.927939  -2.1731615]]
t3-7.2.xlsx  3  2  [[ 0.8489445 -2.288736   4.7110243 -2.342421 ]]
t3-7.2.xlsx  3  2  [[ 0.25310257 -0.8466868   4.582606   -1.087602  ]]
t3-7.2.xlsx  3  2  [[ 1.058203  -1.9505106  3.8862154 -1.4203868]]
t3-7.2.xlsx  3  2  [[ 1.4234496 -0.798038   4.8730397 -1.2643824]]
t3-7.2.xlsx  3  2  [[ 0.69817585 -2.0891225   4.3560433  -2.750404  ]]
t3-7.2.xlsx  3  2  [[ 0.7109633 -2.1784773  4.1482544 -1.9720337]]
t3-7.2.xlsx  3  2  [[ 1.0795605 -1.8011451  3.268334  -2.1179445]]
t3-7.2.xlsx  3  2  [[ 0.3496108 -1.9295279  4.150385  -1.2777262]]
t3-7.2.xlsx  3  2  [[-0.45626602 -0.3217081   4.037314   -1.5076666 ]]
t3-7.2.xlsx  3  2  [[-0.01191023 -1.0593332   4.247198   -1.4021916 ]]
t3-7.2.xlsx  3  2  [[ 0.71681815 -1.1362377   3.539999   -1.0731407 ]]
t3-7.2.xlsx  3  2  [[-0.6007486 -1.8011453  4.9448805 -2.0796947]]
t3-7.2.xlsx  3  2  [[ 0.40839878 -2.2061012   4.0258355  -2.2572305 ]]
t3-7.2.xlsx  3  2  [[ 0.49643913 -2.5830553   4.708268   -1.0182073 ]]
t3-7.2.xlsx  3  2  [[ 0.11009169 -2.5733626   5.1857033  -2.206599  ]]
t3-7.2.xlsx  3  2  [[ 1.5389817 -1.854388   2.7888992 -1.8894051]]
t3-7.2.xlsx  3  2  [[-0.17304161 -1.7660275   3.240904   -1.3432702 ]]
t3-7.2.xlsx  3  2  [[-0.13308415 -2.3549962   4.255665   -1.8125229 ]]
t3-7.2.xlsx  3  2  [[ 0.8210387 -1.6622791  3.9245155 -1.5241169]]
t3-7.2.xlsx  3  2  [[ 0.41257387 -1.0664679   4.614595   -1.8036501 ]]
t3-7.2.xlsx  3  2  [[-0.07535833 -2.5081816   3.8164687  -2.4024441 ]]
t3-7.2.xlsx  3  2  [[ 0.2266871 -2.0821912  4.4502134 -2.2782402]]
t3-7.2.xlsx  3  2  [[-0.11543012 -2.4672773   4.9155498  -2.9842932 ]]
t3-7.2.xlsx  3  2  [[ 1.3618416 -2.3369243  3.9043322 -1.9379269]]
t3-7.2.xlsx  3  2  [[-0.02989951 -0.99423265  4.2910824  -1.4989252 ]]
t3-7.2.xlsx  3  2  [[ 0.18345898 -1.7569861   2.9984248  -1.3281013 ]]
t3-7.2.xlsx  3  2  [[ 0.90965855 -0.51601374  5.477451   -1.3138821 ]]
t3-7.2.xlsx  3  2  [[ 0.54931885 -2.2885292   4.2612314  -1.6820325 ]]
t3-7.2.xlsx  3  2  [[ 0.1358316 -3.1045551  3.4228811 -2.0307572]]
t3-7.2.xlsx  3  2  [[ 0.24481975 -2.0664968   4.2064376  -2.371916  ]]
t3-7.2.xlsx  3  2  [[-0.33612    -0.77899814  4.084029   -2.0452707 ]]
t3-7.2.xlsx  3  2  [[ 0.73213476 -1.9865379   2.32672    -0.99133813]]
t3-7.2.xlsx  3  2  [[ 1.0421759 -2.0199542  3.5146465 -2.0732775]]
t3-7.2.xlsx  3  2  [[ 0.4739477 -2.6904054  4.464541  -1.0114894]]
t3-7.2.xlsx  3  2  [[ 0.91099817 -1.4125278   4.2057815  -2.8906555 ]]
t3-7.2.xlsx  3  2  [[ 1.4060327 -1.5489506  4.339478  -1.7571386]]
t3-7.2.xlsx  3  2  [[ 0.5007596 -2.2033772  5.3683004 -1.7702194]]
t3-7.2.xlsx  3  2  [[-0.50937384 -1.9202628   3.6617866  -2.0146534 ]]
t3-7.2.xlsx  3  2  [[ 0.56911725 -1.7056696   4.3627186  -2.0456104 ]]
t3-7.2.xlsx  3  2  [[ 0.3542651 -1.8339205  4.2612042 -2.478374 ]]
t3-7.2.xlsx  3  2  [[-0.47942424 -1.799553    4.453822   -1.3562238 ]]
t3-7.2.xlsx  3  2  [[ 0.3983909 -1.426668   4.2890406 -1.7247286]]
t3-7.2.xlsx  3  2  [[-0.53264236 -1.6069938   4.6401587  -1.6781895 ]]
t3-7.2.xlsx  3  2  [[ 2.1384141 -1.747365   3.1881948 -2.0503886]]
t3-7.2.xlsx  3  2  [[-0.01862906 -2.2257617   4.0535502  -2.6455343 ]]
t3-7.2.xlsx  3  2  [[ 0.6588435 -1.0718882  4.377594  -2.354705 ]]
t3-7.2.xlsx  3  2  [[ 1.5346597 -1.4687883  4.810196  -1.4591671]]
t3-7.2.xlsx  3  2  [[ 0.22089998 -0.9635805   4.575809   -1.2917379 ]]
