t4-5.5.xlsx  4  3  [[ 1.4644355  -0.19056708 -3.0067058   3.9162729 ]]
t4-5.5.xlsx  4  3  [[ 1.5302743 -1.6054585 -3.4963007  5.459761 ]]
t4-5.5.xlsx  4  3  [[ 1.4525676 -1.2944424 -2.8530543  4.081266 ]]
t4-5.5.xlsx  4  3  [[ 1.2064248 -0.7615267 -2.3512626  5.708174 ]]
t4-5.5.xlsx  4  3  [[ 2.327934   -0.59968567 -3.4908867   5.274169  ]]
t4-5.5.xlsx  4  3  [[ 1.873654  -1.919167  -2.6702194  5.2356706]]
t4-5.5.xlsx  4  3  [[ 1.3074323 -1.164927  -3.2898822  4.8677444]]
t4-5.5.xlsx  4  3  [[ 1.1942488  -0.72454405 -2.8307116   5.0474367 ]]
t4-5.5.xlsx  4  3  [[ 1.4626619 -1.1544548 -2.9669876  4.4942656]]
t4-5.5.xlsx  4  3  [[ 1.3094832  -0.88556373 -2.3445196   5.0500164 ]]
t4-5.5.xlsx  4  3  [[ 1.1297268 -1.4401791 -2.083847   6.468063 ]]
t4-5.5.xlsx  4  3  [[ 1.2581453 -1.9026451 -2.0642447  5.6033063]]
t4-5.5.xlsx  4  3  [[ 1.3871416 -2.037329  -3.007521   5.092055 ]]
t4-5.5.xlsx  4  3  [[ 1.2819055 -1.7441472 -2.8831937  5.8132644]]
t4-5.5.xlsx  4  3  [[ 1.3974179 -1.9723545 -3.1709194  5.5756407]]
t4-5.5.xlsx  4  3  [[ 1.5990828 -2.7031522 -1.9498072  5.51909  ]]
t4-5.5.xlsx  4  3  [[ 1.1889231 -2.6874883 -2.8809717  5.7118564]]
t4-5.5.xlsx  4  3  [[ 1.3194104 -1.7271804 -3.5292146  4.6181464]]
t4-5.5.xlsx  4  3  [[ 1.9995526 -1.8626069 -2.5001054  4.3897567]]
t4-5.5.xlsx  4  3  [[ 0.753195  -1.5281913 -2.0668952  5.338799 ]]
t4-5.5.xlsx  4  3  [[ 1.3600575 -1.5181865 -2.9389052  5.525232 ]]
t4-5.5.xlsx  4  3  [[ 2.1313913 -1.8855666 -2.7367687  4.5739636]]
t4-5.5.xlsx  4  3  [[ 1.5675836 -2.297624  -2.3824453  6.155862 ]]
t4-5.5.xlsx  4  3  [[ 1.2484194 -1.9310175 -2.8656592  4.6346893]]
t4-5.5.xlsx  4  3  [[ 1.8324407 -1.2708143 -2.3920844  4.990351 ]]
t4-5.5.xlsx  4  3  [[ 1.1216933 -2.3847873 -2.953004   6.5215325]]
t4-5.5.xlsx  4  3  [[ 0.44731188 -1.7756535  -2.8164556   4.8519597 ]]
t4-5.5.xlsx  4  3  [[ 1.605994  -1.1115905 -1.9773548  5.1666765]]
t4-5.5.xlsx  4  3  [[ 0.76500803 -2.1307077  -2.7419112   5.5770564 ]]
t4-5.5.xlsx  4  3  [[ 1.2382662 -2.4994636 -2.4494925  5.115672 ]]
t4-5.5.xlsx  4  3  [[ 1.671865  -1.0787804 -2.9100194  5.0535088]]
t4-5.5.xlsx  4  3  [[ 1.2425997 -1.8504792 -1.9790145  5.852326 ]]
t4-5.5.xlsx  4  3  [[ 1.3100407 -2.1197104 -2.4077914  5.5036616]]
t4-5.5.xlsx  4  3  [[ 0.96076375 -2.007273   -2.3591504   5.764192  ]]
t4-5.5.xlsx  4  3  [[ 1.6403774 -2.0875647 -2.6223772  5.3595114]]
t4-5.5.xlsx  4  3  [[ 1.8925756 -2.2200058 -3.1149411  4.5103292]]
t4-5.5.xlsx  4  3  [[ 1.5485791 -1.2537888 -3.471289   5.7084026]]
t4-5.5.xlsx  4  3  [[ 1.5943762  -0.87438196 -2.4559438   4.565673  ]]
t4-5.5.xlsx  4  3  [[ 1.4072394 -3.4399948 -2.7050827  6.2439847]]
t4-5.5.xlsx  4  3  [[ 2.0946693 -1.6513709 -2.1993754  5.222691 ]]
t4-5.5.xlsx  4  3  [[ 2.1857622 -2.4151194 -2.7073298  5.3464017]]
t4-5.5.xlsx  4  3  [[ 1.4048486 -1.8218551 -2.3434641  4.37116  ]]
t4-5.5.xlsx  4  3  [[ 2.328081  -0.5040033 -1.9885774  5.4699473]]
t4-5.5.xlsx  4  3  [[ 2.400231  -1.5534247 -3.2725475  4.919731 ]]
t4-5.5.xlsx  4  3  [[ 2.048504  -1.6939906 -2.413524   4.7021346]]
t4-5.5.xlsx  4  3  [[ 1.4841324  -0.95720303 -2.9294486   4.2000294 ]]
t4-5.5.xlsx  4  3  [[ 0.9839126 -1.5109651 -2.435395   5.05017  ]]
t4-5.5.xlsx  4  3  [[ 1.5225555 -1.651719  -2.2484655  5.2724776]]
t4-5.5.xlsx  4  3  [[ 2.0760868  -0.94646037 -2.6576087   3.6219118 ]]
t4-5.5.xlsx  4  3  [[ 1.679183  -0.9572523 -2.5015004  5.1671224]]
t4-5.5.xlsx  4  3  [[ 2.143168  -2.4140754 -2.0535274  5.2397704]]
t4-5.5.xlsx  4  3  [[ 1.1773952 -2.019077  -2.9036891  4.5979033]]
t4-5.5.xlsx  4  3  [[ 1.5477073 -1.2569873 -2.618872   4.4034452]]
t4-5.5.xlsx  4  3  [[ 2.1162949 -1.4613079 -2.60438    5.110472 ]]
t4-5.5.xlsx  4  3  [[ 0.83311653 -0.6504807  -2.6961944   6.2611947 ]]
t4-5.5.xlsx  4  3  [[ 2.3434613 -1.9144893 -2.4850907  5.2728186]]
t4-5.5.xlsx  4  3  [[ 1.6004596 -1.5525149 -1.9015075  5.318153 ]]
t4-5.5.xlsx  4  3  [[ 1.1059567 -2.9009652 -2.365565   6.948837 ]]
t4-5.5.xlsx  4  3  [[ 1.1541932 -0.986854  -2.6026373  5.225989 ]]
t4-5.5.xlsx  4  3  [[ 1.3088819 -2.1065238 -2.4346745  5.011859 ]]
t4-5.5.xlsx  4  3  [[ 3.1119137 -1.0734229 -3.2236197  4.5920477]]
t4-5.5.xlsx  4  3  [[ 1.1438178 -2.5679557 -1.6450158  5.1307473]]
t4-5.5.xlsx  4  3  [[ 1.5197088 -1.7374771 -2.731925   5.645061 ]]
t4-5.5.xlsx  4  3  [[ 1.3743837 -1.266801  -2.1935678  5.4461617]]
t4-5.5.xlsx  4  3  [[ 1.624476  -1.484763  -1.9705633  4.764645 ]]
t4-5.5.xlsx  4  3  [[ 1.9330184 -2.2940068 -2.3003716  7.0949044]]
t4-5.5.xlsx  4  3  [[ 1.2504056 -1.7370858 -1.7574133  5.364974 ]]
t4-5.5.xlsx  4  3  [[ 1.5654755 -1.3780766 -1.976953   5.993707 ]]
t4-5.5.xlsx  4  3  [[ 1.0219818 -1.6744324 -1.9893854  5.2780995]]
t4-5.5.xlsx  4  3  [[ 1.8114794 -0.683179  -2.9144173  4.0494976]]
t4-5.5.xlsx  4  3  [[ 0.98248094 -1.7142478  -2.91479     5.0972257 ]]
t4-5.5.xlsx  4  3  [[ 1.5982577 -1.7300179 -2.7042465  5.208818 ]]
t4-5.5.xlsx  4  3  [[ 1.9541585   0.12404069 -2.2615461   4.8605027 ]]
t4-5.5.xlsx  4  3  [[ 1.066284  -1.5090785 -3.3128402  5.0115323]]
t4-5.5.xlsx  4  3  [[ 2.311942  -0.8389722 -2.494729   4.7384357]]
t4-5.5.xlsx  4  3  [[ 1.5626067 -1.4689327 -2.3078809  5.915123 ]]
t4-5.5.xlsx  4  3  [[ 1.2317778 -1.9708934 -2.221499   7.344269 ]]
t4-5.5.xlsx  4  3  [[ 2.277661  -1.7580271 -3.1075428  3.6226416]]
t4-5.5.xlsx  4  3  [[ 2.997081   -0.88544375 -2.5368037   4.5847707 ]]
t4-5.5.xlsx  4  3  [[ 1.5574677 -2.166191  -2.3788476  5.2975135]]
t4-5.5.xlsx  4  3  [[ 1.6200649 -2.476819  -2.515977   6.0244136]]
t4-5.5.xlsx  4  3  [[ 1.7861992 -1.9414192 -2.9695096  5.7710137]]
t4-5.5.xlsx  4  3  [[ 1.5725061 -1.6951373 -2.1330016  5.408521 ]]
t4-5.5.xlsx  4  3  [[ 0.9636651 -1.9743494 -2.0599751  6.0828657]]
t4-5.5.xlsx  4  3  [[ 1.6778476 -1.1724713 -2.227675   3.9991438]]
t4-5.5.xlsx  4  3  [[ 1.2747864 -1.9366575 -2.1703775  6.1446543]]
t4-5.5.xlsx  4  3  [[ 0.86955965 -1.9908763  -3.3575506   5.180131  ]]
t4-5.5.xlsx  4  3  [[ 1.6510373 -1.3965685 -3.9549315  4.841795 ]]
t4-5.5.xlsx  4  3  [[ 1.3547572 -1.3089837 -3.0503063  6.630119 ]]
t4-5.5.xlsx  4  3  [[ 0.68216985 -0.76658016 -2.3586545   5.0092177 ]]
t4-5.5.xlsx  4  3  [[ 1.5199331 -1.8298876 -2.8983786  5.9655137]]
t4-5.5.xlsx  4  3  [[ 2.3699465 -1.8293673 -3.0417228  4.7511187]]
t4-5.5.xlsx  4  3  [[ 2.30758   -0.6416073 -2.9992766  4.5314603]]
t4-5.5.xlsx  4  3  [[ 1.4437782 -1.3908547 -2.3533669  5.094892 ]]
t4-5.5.xlsx  4  3  [[ 1.5963894 -2.1809447 -2.639066   6.128226 ]]
t4-5.5.xlsx  4  3  [[ 1.4391787 -1.0908163 -3.0514567  4.4183526]]
t4-5.5.xlsx  4  3  [[ 1.8730682  -0.49690625 -2.3176107   4.9962034 ]]
t4-5.5.xlsx  4  3  [[ 1.8239824 -2.4348404 -3.240727   5.659264 ]]
t4-5.5.xlsx  4  3  [[ 1.9184103 -2.507748  -2.927409   5.5514307]]
t4-5.5.xlsx  4  3  [[ 1.475473  -1.3024487 -1.8117907  5.0340943]]
