t1-2.2.xlsx  1  0  [[ 6.5104785 -2.2919927 -4.0138507 -3.0142221]]
t1-2.2.xlsx  1  0  [[ 7.129584  -1.2733788 -3.2928321 -2.5216243]]
t1-2.2.xlsx  1  0  [[ 7.355882  -2.1508343 -3.5540597 -2.4986482]]
t1-2.2.xlsx  1  0  [[ 7.9097505 -1.7693111 -4.2202916 -2.7762716]]
t1-2.2.xlsx  1  0  [[ 7.4180026 -1.9910275 -4.03729   -2.6492763]]
t1-2.2.xlsx  1  0  [[ 7.4146867 -2.079044  -3.5041056 -2.9862463]]
t1-2.2.xlsx  1  0  [[ 6.606826  -2.22818   -3.626679  -2.2980862]]
t1-2.2.xlsx  1  0  [[ 6.3629    -2.4795663 -3.9219213 -2.5556517]]
t1-2.2.xlsx  1  0  [[ 5.882619  -1.4165934 -3.474775  -2.1046827]]
t1-2.2.xlsx  1  0  [[ 6.4609    -2.4477377 -3.1260262 -2.687508 ]]
t1-2.2.xlsx  1  0  [[ 7.418356  -1.5906757 -4.285141  -3.0160398]]
t1-2.2.xlsx  1  0  [[ 7.863671  -1.1221722 -4.1941586 -1.8204705]]
t1-2.2.xlsx  1  0  [[ 6.9474964 -2.1587734 -4.8011804 -2.8914795]]
t1-2.2.xlsx  1  0  [[ 7.939699  -2.1416864 -4.5065007 -3.3381739]]
t1-2.2.xlsx  1  0  [[ 7.499121  -2.4169114 -3.6177058 -2.1081145]]
t1-2.2.xlsx  1  0  [[ 7.4930854 -2.278337  -3.2270708 -2.695156 ]]
t1-2.2.xlsx  1  0  [[ 6.377344  -1.377743  -3.5159626 -2.3220217]]
t1-2.2.xlsx  1  0  [[ 6.585861  -2.2391355 -3.3717225 -2.3292549]]
t1-2.2.xlsx  1  0  [[ 7.090985  -2.7771335 -4.3116217 -2.3557227]]
t1-2.2.xlsx  1  0  [[ 6.988665  -2.0980883 -3.717272  -3.0954423]]
t1-2.2.xlsx  1  0  [[ 7.044385  -1.9284381 -5.0277324 -1.989828 ]]
t1-2.2.xlsx  1  0  [[ 7.116929  -2.607946  -4.1131244 -3.1116223]]
t1-2.2.xlsx  1  0  [[ 7.968603  -2.080062  -3.8392663 -2.444153 ]]
t1-2.2.xlsx  1  0  [[ 7.3858557 -1.6309788 -3.9325755 -3.0180545]]
t1-2.2.xlsx  1  0  [[ 7.6273046 -1.6805019 -4.0963564 -2.3725042]]
t1-2.2.xlsx  1  0  [[ 6.7337275 -1.9040241 -3.5148451 -2.360752 ]]
t1-2.2.xlsx  1  0  [[ 7.1617985 -1.9620154 -3.0177562 -2.87092  ]]
t1-2.2.xlsx  1  0  [[ 6.949747  -1.1817485 -2.857505  -2.2390924]]
t1-2.2.xlsx  1  0  [[ 7.8033795 -1.89714   -4.0604243 -2.5069985]]
t1-2.2.xlsx  1  0  [[ 6.393868  -1.6101476 -4.105798  -2.7766733]]
t1-2.2.xlsx  1  0  [[ 5.816087  -2.132348  -3.4855757 -2.4738164]]
t1-2.2.xlsx  1  0  [[ 6.093396  -2.8297157 -4.222391  -2.6972914]]
t1-2.2.xlsx  1  0  [[ 6.799815  -2.6206887 -3.417723  -2.5824451]]
t1-2.2.xlsx  1  0  [[ 6.9706736 -2.2712362 -2.92412   -3.2252588]]
t1-2.2.xlsx  1  0  [[ 7.1206875 -0.7771766 -4.209597  -3.3852057]]
t1-2.2.xlsx  1  0  [[ 6.281598  -1.4450421 -2.7801912 -2.8846285]]
t1-2.2.xlsx  1  0  [[ 7.0455832 -1.8254316 -3.161534  -2.6276326]]
t1-2.2.xlsx  1  0  [[ 6.5508623 -2.0095646 -4.138945  -3.0177352]]
t1-2.2.xlsx  1  0  [[ 7.0815845 -2.3395855 -3.7585394 -2.8399217]]
t1-2.2.xlsx  1  0  [[ 6.656137  -1.9849235 -2.9673502 -3.2791765]]
t1-2.2.xlsx  1  0  [[ 7.141855  -1.8954158 -3.9037647 -2.7111537]]
t1-2.2.xlsx  1  0  [[ 6.936519  -2.5795755 -3.6509612 -2.8220356]]
t1-2.2.xlsx  1  0  [[ 6.0709305 -2.1206625 -3.3090672 -2.8287673]]
t1-2.2.xlsx  1  0  [[ 7.445083 -1.460682 -3.903766 -3.103022]]
t1-2.2.xlsx  1  0  [[ 7.053646  -0.7248938 -3.1859317 -2.938324 ]]
t1-2.2.xlsx  1  0  [[ 6.5300694 -2.061035  -3.5214217 -2.7056653]]
t1-2.2.xlsx  1  0  [[ 7.2806134 -0.9652461 -2.5172281 -2.5116658]]
t1-2.2.xlsx  1  0  [[ 7.622691  -1.5139006 -4.0060086 -2.8709009]]
t1-2.2.xlsx  1  0  [[ 6.596897  -2.931041  -3.4722896 -3.0567083]]
t1-2.2.xlsx  1  0  [[ 7.0379047 -2.0381787 -4.2829766 -1.9866766]]
t1-2.2.xlsx  1  0  [[ 7.9263115 -1.5904704 -4.470989  -1.6530805]]
t1-2.2.xlsx  1  0  [[ 7.094727  -2.1660793 -3.8917701 -2.5115128]]
t1-2.2.xlsx  1  0  [[ 7.311606  -1.2852339 -3.3632042 -3.1405413]]
t1-2.2.xlsx  1  0  [[ 6.7583027  -0.76339376 -3.2533834  -2.8405716 ]]
t1-2.2.xlsx  1  0  [[ 7.293555  -1.9836028 -3.7444139 -2.6256688]]
t1-2.2.xlsx  1  0  [[ 7.434103  -1.0962361 -3.5357628 -2.7672458]]
t1-2.2.xlsx  1  0  [[ 6.302117  -1.32697   -3.8694386 -2.5527935]]
t1-2.2.xlsx  1  0  [[ 7.3022323 -1.3276098 -3.970287  -1.8675454]]
t1-2.2.xlsx  1  0  [[ 7.1530557 -2.710802  -3.9594135 -2.5455616]]
t1-2.2.xlsx  1  0  [[ 6.5785065 -2.1630933 -3.6541076 -3.1736488]]
t1-2.2.xlsx  1  0  [[ 7.2921925 -1.660041  -3.9545271 -2.202909 ]]
t1-2.2.xlsx  1  0  [[ 7.8433576 -2.0532212 -4.119872  -3.677327 ]]
t1-2.2.xlsx  1  0  [[ 7.591609  -1.109638  -3.9711308 -2.6280725]]
t1-2.2.xlsx  1  0  [[ 7.666018  -2.099536  -4.164158  -2.9373956]]
t1-2.2.xlsx  1  0  [[ 7.331688  -2.3559802 -4.308878  -2.4591205]]
t1-2.2.xlsx  1  0  [[ 6.8192043 -1.1996539 -3.0159738 -2.5252023]]
t1-2.2.xlsx  1  0  [[ 6.7984276 -1.3495942 -4.3704987 -2.8836915]]
t1-2.2.xlsx  1  0  [[ 7.677098  -1.4841222 -3.7918272 -2.774622 ]]
t1-2.2.xlsx  1  0  [[ 6.9265804 -2.0830004 -3.5458755 -2.2001693]]
t1-2.2.xlsx  1  0  [[ 7.2816195 -2.3066864 -4.2098746 -2.3601007]]
t1-2.2.xlsx  1  0  [[ 7.684559  -1.5920687 -2.67937   -3.097862 ]]
t1-2.2.xlsx  1  0  [[ 7.511743  -2.6284564 -3.915355  -2.319999 ]]
t1-2.2.xlsx  1  0  [[ 6.6265125 -1.5757306 -3.1073875 -2.550598 ]]
t1-2.2.xlsx  1  0  [[ 6.7576995 -1.0414363 -3.712511  -2.1269567]]
t1-2.2.xlsx  1  0  [[ 6.788358  -1.8579196 -2.5265741 -2.3328621]]
t1-2.2.xlsx  1  0  [[ 6.986316 -2.255506 -4.097099 -3.29039 ]]
t1-2.2.xlsx  1  0  [[ 7.1752086 -2.001147  -4.2187357 -3.1204293]]
t1-2.2.xlsx  1  0  [[ 7.451743  -2.139517  -4.10687   -3.0106864]]
t1-2.2.xlsx  1  0  [[ 7.054882  -1.9458992 -3.064941  -2.9105864]]
t1-2.2.xlsx  1  0  [[ 6.57638   -2.243106  -2.7107828 -2.3202128]]
t1-2.2.xlsx  1  0  [[ 7.7464375 -2.0357754 -4.001497  -2.4399836]]
t1-2.2.xlsx  1  0  [[ 6.8423557 -1.6181581 -3.9085488 -2.8764565]]
t1-2.2.xlsx  1  0  [[ 7.148817  -2.5841744 -3.5112062 -2.888446 ]]
t1-2.2.xlsx  1  0  [[ 6.559127   -0.68583757 -3.100554   -2.8223438 ]]
t1-2.2.xlsx  1  0  [[ 6.656403  -1.8355556 -4.0614653 -2.0109375]]
t1-2.2.xlsx  1  0  [[ 6.7738    -1.6198697 -3.4525633 -2.3468688]]
t1-2.2.xlsx  1  0  [[ 7.668145  -2.1878982 -4.130479  -2.2253838]]
t1-2.2.xlsx  1  0  [[ 7.361122  -1.1853137 -3.4767177 -2.5806837]]
t1-2.2.xlsx  1  0  [[ 7.873228  -1.4127789 -3.434727  -3.2960715]]
t1-2.2.xlsx  1  0  [[ 7.507753  -0.5284116 -3.804963  -2.9379544]]
t1-2.2.xlsx  1  0  [[ 7.0054703 -1.563923  -3.6537557 -3.1686213]]
t1-2.2.xlsx  1  0  [[ 7.4553156 -2.289324  -4.2744384 -2.1420596]]
t1-2.2.xlsx  1  0  [[ 7.1678543 -1.7157278 -4.716003  -2.7302094]]
t1-2.2.xlsx  1  0  [[ 6.846206  -2.250102  -3.8189354 -2.553196 ]]
t1-2.2.xlsx  1  0  [[ 6.411283  -1.785689  -3.7882302 -2.1083295]]
t1-2.2.xlsx  1  0  [[ 7.0060635 -2.1310365 -4.089366  -2.878098 ]]
t1-2.2.xlsx  1  0  [[ 7.040264  -1.6152467 -3.3918974 -3.070388 ]]
t1-2.2.xlsx  1  0  [[ 6.314521  -1.7932204 -3.4340634 -2.5092084]]
t1-2.2.xlsx  1  0  [[ 7.343592  -1.9928249 -4.013439  -2.3668704]]
t1-2.2.xlsx  1  0  [[ 7.1127944 -2.2809377 -4.26844   -2.4192288]]
