t1-0.5.xlsx  1  0  [[ 3.7674074 -2.0750465 -1.377948  -1.6331412]]
t1-0.5.xlsx  1  0  [[ 5.0259924 -1.8586991 -2.1930127 -2.1441908]]
t1-0.5.xlsx  1  0  [[ 4.7354445 -2.6496067 -2.397086  -2.8564281]]
t1-0.5.xlsx  1  0  [[ 5.366863  -2.8357854 -2.8723114 -2.6321983]]
t1-0.5.xlsx  1  0  [[ 5.8104424 -2.2028692 -2.5379403 -3.1355786]]
t1-0.5.xlsx  1  0  [[ 5.5466843 -2.5757546 -1.6548529 -3.4637313]]
t1-0.5.xlsx  1  0  [[ 3.940645  -3.1062818 -1.8385061 -2.5813427]]
t1-0.5.xlsx  1  0  [[ 4.323078  -2.5387933 -2.5555093 -2.548313 ]]
t1-0.5.xlsx  1  0  [[ 3.5841563 -2.4308558 -1.8167752 -3.1604166]]
t1-0.5.xlsx  1  0  [[ 5.8313956 -3.2380695 -2.2979782 -3.511161 ]]
t1-0.5.xlsx  1  0  [[ 4.1428013 -1.3692801 -1.8931576 -1.1811892]]
t1-0.5.xlsx  1  0  [[ 4.740367  -2.4689195 -2.439849  -2.376604 ]]
t1-0.5.xlsx  1  0  [[ 6.0127435 -2.909777  -2.6747973 -3.3215897]]
t1-0.5.xlsx  1  0  [[ 4.73061   -3.6979933 -2.0390854 -1.5975829]]
t1-0.5.xlsx  1  0  [[ 4.802788  -3.220537  -2.7869186 -1.7700918]]
t1-0.5.xlsx  1  0  [[ 4.6768746 -2.4379067 -2.4891515 -1.805542 ]]
t1-0.5.xlsx  1  0  [[ 5.7900825 -3.5556314 -3.5600462 -3.014524 ]]
t1-0.5.xlsx  1  0  [[ 4.863874  -3.2429178 -2.6095715 -3.3932335]]
t1-0.5.xlsx  1  0  [[ 5.2062216 -2.4744625 -2.20699   -3.7132382]]
t1-0.5.xlsx  1  0  [[ 4.974787  -3.0061896 -2.1739514 -2.9883635]]
t1-0.5.xlsx  1  0  [[ 4.7784567 -2.5982828 -2.0071676 -2.1669996]]
t1-0.5.xlsx  1  0  [[ 6.232488  -3.519388  -3.098068  -2.7143166]]
t1-0.5.xlsx  1  0  [[ 5.0771933 -2.8912516 -1.9487661 -1.575578 ]]
t1-0.5.xlsx  1  0  [[ 5.008836  -2.201536  -2.2724423 -3.0319326]]
t1-0.5.xlsx  1  0  [[ 3.9244988 -2.6369386 -1.7019538 -1.189667 ]]
t1-0.5.xlsx  1  0  [[ 3.3802783 -3.170213  -2.518774  -1.4158386]]
t1-0.5.xlsx  1  0  [[ 4.728921   -3.1676328  -2.06752    -0.78100353]]
t1-0.5.xlsx  1  0  [[ 4.726989  -2.669948  -1.0327685 -1.1943885]]
t1-0.5.xlsx  1  0  [[ 4.789916  -3.6568406 -2.721608  -1.912218 ]]
t1-0.5.xlsx  1  0  [[ 3.9578826 -2.4761353 -2.3913548 -1.9944569]]
t1-0.5.xlsx  1  0  [[ 4.3592567 -3.227281  -2.2260733 -1.631106 ]]
t1-0.5.xlsx  1  0  [[ 5.3224816 -2.8333547 -2.7511544 -3.0083873]]
t1-0.5.xlsx  1  0  [[ 4.0932994 -2.2497346 -2.5653372 -3.2614653]]
t1-0.5.xlsx  1  0  [[ 5.1886353 -4.62798   -1.5989254 -0.6181031]]
t1-0.5.xlsx  1  0  [[ 4.8289275 -3.8925061 -2.6141438 -2.16103  ]]
t1-0.5.xlsx  1  0  [[ 4.344807  -2.150893  -1.785192  -1.9509779]]
t1-0.5.xlsx  1  0  [[ 4.4134517 -2.103859  -1.8180436 -2.3088498]]
t1-0.5.xlsx  1  0  [[ 3.7766287 -2.7703607 -1.3064216 -2.6614914]]
t1-0.5.xlsx  1  0  [[ 4.293292  -1.7561599 -3.171629  -3.0772047]]
t1-0.5.xlsx  1  0  [[ 4.5990415 -2.366414  -2.2233813 -2.0300112]]
t1-0.5.xlsx  1  0  [[ 4.888795  -2.3392456 -2.9848247 -1.8927233]]
t1-0.5.xlsx  1  0  [[ 4.78215   -2.9474545 -2.0250192 -1.5133593]]
t1-0.5.xlsx  1  0  [[ 4.988364  -3.3117054 -2.8345811 -2.9531283]]
t1-0.5.xlsx  1  0  [[ 4.8356    -2.0169353 -1.9481056 -1.939896 ]]
t1-0.5.xlsx  1  0  [[ 3.8966956 -2.2788484 -1.849123  -2.5836377]]
t1-0.5.xlsx  1  0  [[ 3.9180899 -3.5023117 -2.4011583 -2.811568 ]]
t1-0.5.xlsx  1  0  [[ 4.663451  -3.509807  -1.6151605 -1.0622123]]
t1-0.5.xlsx  1  0  [[ 4.4214897 -3.1842406 -2.3046384 -3.0138543]]
t1-0.5.xlsx  1  0  [[ 4.66362   -2.9635952 -2.5748715 -1.2392402]]
t1-0.5.xlsx  1  0  [[ 4.7242856 -3.04621   -2.4959583 -1.5708033]]
t1-0.5.xlsx  1  0  [[ 5.547217  -1.8657602 -2.8129106 -2.6968966]]
t1-0.5.xlsx  1  0  [[ 4.235945  -2.2918851 -1.916023  -2.7572544]]
t1-0.5.xlsx  1  0  [[ 4.593601  -3.181465  -2.9171581 -1.8805343]]
t1-0.5.xlsx  1  0  [[ 3.8635106  -3.9059856  -1.5036602   0.04428127]]
t1-0.5.xlsx  1  0  [[ 5.1942677 -4.082005  -1.8023535 -1.128528 ]]
t1-0.5.xlsx  1  0  [[ 4.990727 -3.529797 -2.369857 -2.867344]]
t1-0.5.xlsx  1  0  [[ 4.153149 -3.448946 -2.395965 -3.530678]]
t1-0.5.xlsx  1  0  [[ 3.707304  -2.6511617 -2.612934  -1.5315428]]
t1-0.5.xlsx  1  0  [[ 5.5317607 -3.0768604 -2.8128774 -2.9903572]]
t1-0.5.xlsx  1  0  [[ 5.8231163 -2.5868108 -3.3893077 -3.5986228]]
t1-0.5.xlsx  1  0  [[ 4.111548  -2.4838955 -2.1613908 -1.7143118]]
t1-0.5.xlsx  1  0  [[ 5.593843  -1.8742387 -3.0033643 -2.6976128]]
t1-0.5.xlsx  1  0  [[ 6.0582776 -2.1372218 -3.4935842 -2.4454525]]
t1-0.5.xlsx  1  0  [[ 4.6685853 -2.9014797 -2.2897532 -2.7981472]]
t1-0.5.xlsx  1  0  [[ 5.520417 -2.686325 -2.716091 -2.887063]]
t1-0.5.xlsx  1  0  [[ 4.877153  -2.190136  -1.6467949 -2.1347752]]
t1-0.5.xlsx  1  0  [[ 5.4740515 -3.7017157 -3.0022771 -1.4122779]]
t1-0.5.xlsx  1  0  [[ 3.9786992 -2.4157438 -1.6244215 -3.2301698]]
t1-0.5.xlsx  1  0  [[ 3.049342  -2.3313766 -2.8991807 -1.6650966]]
t1-0.5.xlsx  1  0  [[ 5.131713  -2.8834896 -2.592641  -2.3180974]]
t1-0.5.xlsx  1  0  [[ 4.955268  -2.8760273 -1.5378823 -1.9162394]]
t1-0.5.xlsx  1  0  [[ 4.206329  -3.4051387 -2.1187973 -1.8993049]]
t1-0.5.xlsx  1  0  [[ 3.7278807 -3.4051082 -1.725215  -1.015226 ]]
t1-0.5.xlsx  1  0  [[ 5.9040494 -2.596641  -2.7879763 -2.3681118]]
t1-0.5.xlsx  1  0  [[ 4.3740377 -2.528794  -1.4337817 -2.7349427]]
t1-0.5.xlsx  1  0  [[ 7.4619503 -2.9674602 -2.424575  -2.5779593]]
t1-0.5.xlsx  1  0  [[ 5.422833  -2.9840205 -1.5780815 -2.943655 ]]
t1-0.5.xlsx  1  0  [[ 4.4410625 -2.345021  -1.4325182 -3.2183657]]
t1-0.5.xlsx  1  0  [[ 4.96646   -3.7117772 -3.1832473 -1.9769675]]
t1-0.5.xlsx  1  0  [[ 4.9072175 -1.9574031 -2.740192  -2.5564907]]
t1-0.5.xlsx  1  0  [[ 5.269913  -2.4091642 -1.9804276 -2.2715566]]
t1-0.5.xlsx  1  0  [[ 4.2858067 -3.1797214 -2.3445768 -2.069117 ]]
t1-0.5.xlsx  1  0  [[ 3.1589503 -2.7607176 -2.8558357 -1.2306916]]
t1-0.5.xlsx  1  0  [[ 4.293775  -2.8048966 -2.088712  -1.6620083]]
t1-0.5.xlsx  1  0  [[ 4.185002  -2.7124844 -2.358876  -1.4353188]]
t1-0.5.xlsx  1  0  [[ 5.096781  -2.1934884 -2.524877  -2.7721612]]
t1-0.5.xlsx  1  0  [[ 5.172385  -2.9440846 -2.240375  -2.1217203]]
t1-0.5.xlsx  1  0  [[ 4.465506  -2.9824295 -1.853052  -1.4168859]]
t1-0.5.xlsx  1  0  [[ 4.2297378 -2.4405112 -2.6201453 -1.9247988]]
t1-0.5.xlsx  1  0  [[ 5.7864466 -3.0930493 -2.9568303 -2.4449143]]
t1-0.5.xlsx  1  0  [[ 3.384636  -1.9788804 -2.4951544 -2.104712 ]]
t1-0.5.xlsx  1  0  [[ 5.50654   -3.2777536 -2.6368368 -2.92831  ]]
t1-0.5.xlsx  1  0  [[ 4.316386  -2.7937162 -1.5971946 -2.26311  ]]
t1-0.5.xlsx  1  0  [[ 4.9603534 -3.4125366 -2.9574366 -3.0958676]]
t1-0.5.xlsx  1  0  [[ 6.202334  -2.997965  -2.3512132 -2.6728225]]
t1-0.5.xlsx  1  0  [[ 5.701821  -2.42166   -2.026019  -2.5443892]]
t1-0.5.xlsx  1  0  [[ 5.6057196 -4.0333047 -3.1348302 -3.2422771]]
t1-0.5.xlsx  1  0  [[ 5.3880734 -2.8109362 -2.10798   -2.5815353]]
t1-0.5.xlsx  1  0  [[ 3.6997173 -2.4935868 -2.860215  -1.2567264]]
t1-0.5.xlsx  1  0  [[ 5.8914533 -3.5898423 -2.1992836 -3.3233156]]
