t4-3.6.xlsx  4  3  [[-1.0090865  2.8223243 -1.8494903  4.1844397]]
t4-3.6.xlsx  4  3  [[-0.47330394  1.9124669  -2.348445    2.7559047 ]]
t4-3.6.xlsx  4  3  [[-0.08125477  1.1058786  -2.4064114   3.9471421 ]]
t4-3.6.xlsx  4  3  [[-0.91638523  1.7056501  -1.2477012   4.191701  ]]
t4-3.6.xlsx  4  3  [[-1.446414    0.42249835 -2.9904757   4.259122  ]]
t4-3.6.xlsx  4  3  [[-0.06036397  0.90612537 -2.1509514   4.3968925 ]]
t4-3.6.xlsx  4  3  [[ 0.581407   1.631863  -1.5958045  2.7884126]]
t4-3.6.xlsx  4  3  [[-1.2583997  0.8399752 -2.383002   4.779121 ]]
t4-3.6.xlsx  4  3  [[-0.5180441  -0.05116376 -1.6470819   3.0476193 ]]
t4-3.6.xlsx  4  3  [[-0.5118789  1.166089  -2.285617   4.8547463]]
t4-3.6.xlsx  4  3  [[-0.20701136  1.3169181  -2.5943215   2.500445  ]]
t4-3.6.xlsx  4  3  [[-0.7604592  1.2802957 -2.1482844  4.602131 ]]
t4-3.6.xlsx  4  3  [[ 0.56135744  2.3058689  -0.61391515  2.6750956 ]]
t4-3.6.xlsx  4  3  [[-0.6454267  1.4394414 -3.1784403  3.7043457]]
t4-3.6.xlsx  4  3  [[ 0.17452547 -0.58283126 -1.7639606   4.94248   ]]
t4-3.6.xlsx  4  3  [[-0.35632783 -0.5114899  -2.585719    4.001168  ]]
t4-3.6.xlsx  4  3  [[-0.15423368  0.76296216 -2.7380848   3.6144073 ]]
t4-3.6.xlsx  4  3  [[-0.23701666  0.97273767 -2.3765273   4.1812387 ]]
t4-3.6.xlsx  4  3  [[-0.27512208  0.8832684  -2.3959837   3.4701176 ]]
t4-3.6.xlsx  4  3  [[-0.98436594  2.4620306  -1.2964095   2.5511098 ]]
t4-3.6.xlsx  4  3  [[-0.4412595  1.6928438 -2.4730785  3.4632258]]
t4-3.6.xlsx  4  3  [[-0.3606879  0.6143758 -2.0082455  5.4818306]]
t4-3.6.xlsx  4  3  [[-0.26842132  2.160497   -1.8788847   3.8330495 ]]
t4-3.6.xlsx  4  3  [[-1.0395812  0.9727982 -2.59088    3.9388967]]
t4-3.6.xlsx  4  3  [[-0.5145515  1.098084  -2.1854997  3.76482  ]]
t4-3.6.xlsx  4  3  [[-0.9356665  1.1527973 -1.587564   1.9917916]]
t4-3.6.xlsx  4  3  [[-0.04054791  2.7020628  -2.6781874   3.2289917 ]]
t4-3.6.xlsx  4  3  [[-0.3244649  -0.16179504 -1.9179008   4.8338313 ]]
t4-3.6.xlsx  4  3  [[-1.708941   0.6078423 -2.7959614  3.9285626]]
t4-3.6.xlsx  4  3  [[-0.91636026  1.2740005  -2.227514    5.4234567 ]]
t4-3.6.xlsx  4  3  [[-0.45731968  1.4008378  -2.6038933   2.5462914 ]]
t4-3.6.xlsx  4  3  [[-0.72400135  0.95229864 -2.3867245   3.6199214 ]]
t4-3.6.xlsx  4  3  [[-1.1525122  1.9700788 -2.982264   4.0564404]]
t4-3.6.xlsx  4  3  [[ 0.21858063  0.24086371 -2.1198752   4.939847  ]]
t4-3.6.xlsx  4  3  [[-0.97516    1.3968474 -2.089338   5.1502023]]
t4-3.6.xlsx  4  3  [[-0.13978903  1.8234341  -2.2362523   4.6681604 ]]
t4-3.6.xlsx  4  3  [[ 0.04248022  1.3985233  -2.0129066   3.4503877 ]]
t4-3.6.xlsx  4  3  [[-0.31113082  1.3907628  -1.9487666   4.2182918 ]]
t4-3.6.xlsx  4  3  [[ 0.8697      0.36760187 -1.9446412   4.8365407 ]]
t4-3.6.xlsx  4  3  [[-0.21873984  0.6755862  -2.52772     3.9673345 ]]
t4-3.6.xlsx  4  3  [[ 0.5993536  1.0162547 -1.1971548  4.7232594]]
t4-3.6.xlsx  4  3  [[-0.40109983  1.3771442  -2.1027691   2.975245  ]]
t4-3.6.xlsx  4  3  [[-0.5904924  0.9948678 -2.247383   3.5337136]]
t4-3.6.xlsx  4  3  [[-0.10503773  0.9251626  -2.117348    2.3868484 ]]
t4-3.6.xlsx  4  3  [[-1.3826249  1.97941   -1.801503   3.5067577]]
t4-3.6.xlsx  4  3  [[-0.61906075 -0.2616899  -2.09698     5.9212623 ]]
t4-3.6.xlsx  4  3  [[-0.45309797  1.6932927  -0.7930275   4.397357  ]]
t4-3.6.xlsx  4  3  [[ 0.07631664  1.7838427  -1.9805601   3.24607   ]]
t4-3.6.xlsx  4  3  [[-0.9085108  2.2218566 -2.814168   3.345791 ]]
t4-3.6.xlsx  4  3  [[-0.11580618  2.5736918  -2.2999156   3.381705  ]]
t4-3.6.xlsx  4  3  [[-2.1709342  1.190105  -2.5283394  4.3962216]]
t4-3.6.xlsx  4  3  [[ 0.3016316  2.6097143 -1.8825848  3.87254  ]]
t4-3.6.xlsx  4  3  [[-1.6880001  -0.01276615 -2.4222822   3.7447786 ]]
t4-3.6.xlsx  4  3  [[-0.17657706 -0.55345345 -1.5801973   4.378514  ]]
t4-3.6.xlsx  4  3  [[-0.08789425  1.5390767  -2.2024403   3.407792  ]]
t4-3.6.xlsx  4  3  [[-1.091667   2.4884808 -2.4534128  3.340808 ]]
t4-3.6.xlsx  4  3  [[-0.4325971  1.1221707 -1.8996341  3.5951853]]
t4-3.6.xlsx  4  3  [[-0.7725647   0.76818925 -2.010929    2.5957708 ]]
t4-3.6.xlsx  4  3  [[-0.93827707  1.364685   -1.8942447   3.7598152 ]]
t4-3.6.xlsx  4  3  [[-0.8889069  2.2346568 -2.4258916  4.1024137]]
t4-3.6.xlsx  4  3  [[-0.787554   0.7856662 -2.348964   4.587833 ]]
t4-3.6.xlsx  4  3  [[-0.8133166  1.7417071 -1.9677016  2.246891 ]]
t4-3.6.xlsx  4  3  [[ 0.29352227  1.593274   -2.098943    2.5310314 ]]
t4-3.6.xlsx  4  3  [[ 0.20261985  1.0158454  -2.6646845   3.8620887 ]]
t4-3.6.xlsx  4  3  [[-1.5697992  1.5444177 -1.7084248  4.0486307]]
t4-3.6.xlsx  4  3  [[-0.6864627  2.1019514 -1.9391431  5.0073185]]
t4-3.6.xlsx  4  3  [[-1.0112274   0.82517505 -2.4499254   4.3976407 ]]
t4-3.6.xlsx  4  3  [[ 0.54886025  0.4714048  -2.7925262   3.420895  ]]
t4-3.6.xlsx  4  3  [[-0.7952075  1.2468127 -1.7043145  5.159438 ]]
t4-3.6.xlsx  4  3  [[-1.057891   1.8718282 -2.1307206  4.216973 ]]
t4-3.6.xlsx  4  3  [[-0.77390903  1.5479316  -2.340036    4.4212103 ]]
t4-3.6.xlsx  4  3  [[ 0.33015588  2.5221262  -2.1560855   3.3697522 ]]
t4-3.6.xlsx  4  3  [[ 0.28038588  1.1580669  -0.6513604   2.5525336 ]]
t4-3.6.xlsx  4  3  [[-0.89100933  1.6745796  -2.2137723   3.3783884 ]]
t4-3.6.xlsx  4  3  [[ 0.15143147  0.47111034 -2.4429736   3.0934892 ]]
t4-3.6.xlsx  4  3  [[-0.829621   1.6812518 -2.6590905  2.335207 ]]
t4-3.6.xlsx  4  3  [[-0.94421655  0.37980962 -2.5675068   3.5321743 ]]
t4-3.6.xlsx  4  3  [[-0.60357183  1.458799   -2.051997    2.5989275 ]]
t4-3.6.xlsx  4  3  [[-1.22373    -0.09198987 -2.5691662   4.8431854 ]]
t4-3.6.xlsx  4  3  [[-0.9113057  2.814535  -1.9114199  3.8165817]]
t4-3.6.xlsx  4  3  [[-1.7321876  1.3519044 -1.778743   3.5693345]]
t4-3.6.xlsx  4  3  [[-0.5568741  2.4203067 -1.7677765  3.0381808]]
t4-3.6.xlsx  4  3  [[-0.78689486  0.45006862 -2.4106944   4.425684  ]]
t4-3.6.xlsx  4  3  [[-0.9031122   0.94707316 -2.2742367   4.0099173 ]]
t4-3.6.xlsx  4  3  [[-0.2832692   0.29527694 -2.1319916   4.4135303 ]]
t4-3.6.xlsx  4  3  [[ 0.34844667  3.0790684  -2.108939    3.1345677 ]]
t4-3.6.xlsx  4  3  [[-0.37543923  0.70912135 -1.6675279   3.7107637 ]]
t4-3.6.xlsx  4  3  [[-0.9026807  0.1959005 -3.074177   5.131599 ]]
t4-3.6.xlsx  4  3  [[ 0.12511219  0.750625   -1.6907108   3.9147305 ]]
t4-3.6.xlsx  4  3  [[-0.10664311  2.1941798  -1.4908032   4.3098407 ]]
t4-3.6.xlsx  4  3  [[ 0.3455672   0.13435227 -3.093938    2.6010075 ]]
t4-3.6.xlsx  4  3  [[-0.9896768  0.3183142 -2.4295456  4.463614 ]]
t4-3.6.xlsx  4  3  [[-1.2128012  2.5495744 -1.914257   3.4282255]]
t4-3.6.xlsx  4  3  [[ 0.47291976  1.0296956  -2.2728822   3.6635308 ]]
t4-3.6.xlsx  4  3  [[ 0.56681466  0.29584846 -2.6927078   3.0088906 ]]
t4-3.6.xlsx  4  3  [[ 0.43691474  1.0954962  -2.3956666   3.0483556 ]]
