t3-0.9.xlsx  3  2  [[ 0.48817903 -0.24619465  3.447454   -1.5944611 ]]
t3-0.9.xlsx  3  2  [[ 0.5040872   0.16456336  1.691432   -1.9878229 ]]
t3-0.9.xlsx  3  2  [[ 0.11898442  0.10633364  0.28448683 -1.7864634 ]]
t3-0.9.xlsx  3  2  [[ 0.36244953  0.51980376  1.1366184  -2.9301944 ]]
t3-0.9.xlsx  3  2  [[ 0.8366647  -0.27742407  1.9751159  -1.4585068 ]]
t3-0.9.xlsx  3  2  [[ 0.01362449 -0.52133995  1.0295128  -1.8017325 ]]
t3-0.9.xlsx  3  2  [[ 0.12396912 -1.1990076   0.47750494 -2.0761352 ]]
t3-0.9.xlsx  3  2  [[ 0.38765574 -0.7853232   0.9589989  -2.5997198 ]]
t3-0.9.xlsx  3  2  [[ 0.36107236 -0.51777554  2.261119   -1.7550043 ]]
t3-0.9.xlsx  3  2  [[-0.36867577 -0.9206195   2.2509353  -2.9122365 ]]
t3-0.9.xlsx  3  2  [[-0.15348473  0.03989109  1.8283331  -3.3025994 ]]
t3-0.9.xlsx  3  2  [[-0.3547232   0.18353769  2.7585196  -2.024141  ]]
t3-0.9.xlsx  3  2  [[ 0.78152347 -1.2521646   1.5988878  -2.180722  ]]
t3-0.9.xlsx  3  2  [[-0.3820957 -1.1486067  0.6839725 -0.8725589]]
t3-0.9.xlsx  3  2  [[ 1.0855176  -0.29160258  1.3267887  -2.0166624 ]]
t3-0.9.xlsx  3  2  [[-0.38486356  0.68766123  1.1224148  -2.818659  ]]
t3-0.9.xlsx  3  2  [[ 1.1091191e+00  4.1361246e-04  2.0211689e+00 -1.5727817e+00]]
t3-0.9.xlsx  3  2  [[ 0.24061778 -0.4890154   1.2690237  -1.69812   ]]
t3-0.9.xlsx  3  2  [[-0.11580098 -0.04475644  1.4316896  -2.0003276 ]]
t3-0.9.xlsx  3  2  [[ 0.3271885 -0.9633167  1.5071657 -4.1298547]]
t3-0.9.xlsx  3  2  [[-0.02546619 -0.5747165   1.3341732  -0.4325272 ]]
t3-0.9.xlsx  3  2  [[ 0.75288355 -1.3588086   0.92884445 -2.81525   ]]
t3-0.9.xlsx  3  2  [[ 0.04761524 -0.5241089   0.9308859  -1.8551437 ]]
t3-0.9.xlsx  3  2  [[ 0.7128637  -0.09273556  1.893206   -1.9455972 ]]
t3-0.9.xlsx  3  2  [[ 0.85679835 -0.14111575  2.201563   -2.0819104 ]]
t3-0.9.xlsx  3  2  [[-0.57633376  0.32004958  0.78815806 -1.276324  ]]
t3-0.9.xlsx  3  2  [[ 0.29009253 -1.3338434   0.5669615  -2.1110368 ]]
t3-0.9.xlsx  3  2  [[ 1.5463045 -0.7836613  1.5838066 -2.0639224]]
t3-0.9.xlsx  3  2  [[-0.0919663  -1.4308746   0.98386145 -1.9318572 ]]
t3-0.9.xlsx  3  2  [[ 0.33418638 -1.042125    2.0922773  -2.1251316 ]]
t3-0.9.xlsx  3  2  [[-0.26894012 -0.7603309   2.364637   -1.5421644 ]]
t3-0.9.xlsx  3  2  [[ 0.19524571  0.38447136  1.2630122  -2.138195  ]]
t3-0.9.xlsx  3  2  [[ 0.7591209   0.07011215  1.0357405  -2.634598  ]]
t3-0.9.xlsx  3  2  [[ 1.0049641  -0.59928584  1.8864927  -1.6918439 ]]
t3-0.9.xlsx  3  2  [[-0.29826105  0.5548754   1.8102365  -1.891359  ]]
t3-0.9.xlsx  3  2  [[ 0.96459514 -1.1615231   1.163671   -2.912003  ]]
t3-0.9.xlsx  3  2  [[ 0.16250685 -0.02839208  0.7873839  -2.5695372 ]]
t3-0.9.xlsx  3  2  [[ 0.3545068 -1.1466095  1.1351264 -1.0688863]]
t3-0.9.xlsx  3  2  [[ 0.66093963 -0.8626409   1.3696856  -2.7888198 ]]
t3-0.9.xlsx  3  2  [[ 0.39522713 -2.2408476   0.45725     0.39446712]]
t3-0.9.xlsx  3  2  [[ 0.9465591 -0.5268848  1.543001  -2.1533597]]
t3-0.9.xlsx  3  2  [[ 0.1314224   0.49443907  0.7994613  -1.8245797 ]]
t3-0.9.xlsx  3  2  [[ 0.42983904 -0.9372328   1.2897483  -2.370921  ]]
t3-0.9.xlsx  3  2  [[ 0.38707662 -1.3474602   0.62832123 -1.9477988 ]]
t3-0.9.xlsx  3  2  [[-0.3529181  0.6472212  1.2252196 -2.4674723]]
t3-0.9.xlsx  3  2  [[ 0.8016396   0.07982127  1.4895649  -2.2402403 ]]
t3-0.9.xlsx  3  2  [[ 0.02305317 -0.53122294  1.5115558  -3.1504314 ]]
t3-0.9.xlsx  3  2  [[ 0.09930343 -0.08426544  1.3783822  -3.3534164 ]]
t3-0.9.xlsx  3  2  [[ 0.5658912 -1.5801407  2.2119825 -2.6797202]]
t3-0.9.xlsx  3  2  [[ 0.7120152  -0.09723832  1.4722688  -2.083784  ]]
t3-0.9.xlsx  3  2  [[ 0.17510301 -0.66495717  0.41067207 -2.965534  ]]
t3-0.9.xlsx  3  2  [[ 0.05942725 -0.28252584  1.3471457  -2.644866  ]]
t3-0.9.xlsx  3  2  [[ 0.18575975 -0.1493854   1.1630545  -0.63389444]]
t3-0.9.xlsx  3  2  [[-0.5867564  -0.39773005  1.454251   -2.7313576 ]]
t3-0.9.xlsx  3  2  [[ 0.48028654 -1.239585    0.8209397  -1.987697  ]]
t3-0.9.xlsx  3  2  [[-0.37215027 -0.06951847  0.74628735 -2.193017  ]]
t3-0.9.xlsx  3  2  [[ 0.8050412  -0.38616464  1.7528374  -1.9507115 ]]
t3-0.9.xlsx  3  2  [[ 0.5106982 -0.8898493  1.3705544 -2.1890864]]
t3-0.9.xlsx  3  2  [[-0.7078829  -0.46125093  0.8000558  -1.8775908 ]]
t3-0.9.xlsx  3  2  [[ 0.7128379  -0.21778452  1.1541733  -1.7239076 ]]
t3-0.9.xlsx  3  2  [[-0.0187223  -0.24907288  0.9519942  -2.1498694 ]]
t3-0.9.xlsx  3  2  [[ 1.0652202   0.53520334  2.2297213  -1.8514792 ]]
t3-0.9.xlsx  3  2  [[ 0.27755636  0.67819846  0.9680603  -1.6355352 ]]
t3-0.9.xlsx  3  2  [[ 0.1537072   0.20857035  1.3128536  -2.9558961 ]]
t3-0.9.xlsx  3  2  [[-0.05363435 -0.3509989   1.2310406  -0.8366135 ]]
t3-0.9.xlsx  3  2  [[-0.37624565  0.80201435  1.4109778  -1.4199742 ]]
t3-0.9.xlsx  3  2  [[-0.3438704  0.3502721  1.1641202 -2.2885292]]
t3-0.9.xlsx  3  2  [[ 0.48530507 -0.85870206  2.0930202  -1.8426377 ]]
t3-0.9.xlsx  3  2  [[ 0.26578188 -0.03287606  0.9022942  -2.520065  ]]
t3-0.9.xlsx  3  2  [[ 0.37669557  0.19635153  1.6306171  -0.9260425 ]]
t3-0.9.xlsx  3  2  [[ 0.11438372 -1.3266541   1.4725388  -2.1499865 ]]
t3-0.9.xlsx  3  2  [[-0.03865765  0.36570752  1.5943463  -2.8009143 ]]
t3-0.9.xlsx  3  2  [[-0.04815716 -0.50508153  0.63367105 -2.2637498 ]]
t3-0.9.xlsx  3  2  [[ 0.35903674  0.17791021  0.7297459  -1.4065506 ]]
t3-0.9.xlsx  3  2  [[ 0.35141593  0.587779    1.2161163  -1.8175946 ]]
t3-0.9.xlsx  3  2  [[ 1.1589867 -0.8004402  1.218724  -2.080181 ]]
t3-0.9.xlsx  3  2  [[ 0.1349087 -1.1642715  1.3962736 -2.350503 ]]
t3-0.9.xlsx  3  2  [[-0.3677388   0.21759127  1.0789456  -3.2124496 ]]
t3-0.9.xlsx  3  2  [[ 0.6439731  -0.02683999  1.1311331  -2.8819044 ]]
t3-0.9.xlsx  3  2  [[-0.3945643  -0.24072233  0.67078614 -2.4416249 ]]
t3-0.9.xlsx  3  2  [[ 0.0641271  -0.43101877  1.0267048  -0.7790586 ]]
t3-0.9.xlsx  3  2  [[ 0.15213685 -0.11831671  0.9645488  -1.6421839 ]]
t3-0.9.xlsx  3  2  [[-0.01264198 -0.57654715  0.8226227  -1.477189  ]]
t3-0.9.xlsx  3  2  [[ 0.57383543 -1.0227833   1.2862705  -2.1051543 ]]
