t3-14.8.xlsx  3  2  [[-1.5737293 -2.5644774  4.8893924 -7.2513537]]
t3-14.8.xlsx  3  2  [[-1.7841843 -2.3653457  7.8009615 -8.6168375]]
t3-14.8.xlsx  3  2  [[-2.078395  -2.7685804  7.491555  -6.855695 ]]
t3-14.8.xlsx  3  2  [[-2.11096   -2.5257328  7.43713   -8.190139 ]]
t3-14.8.xlsx  3  2  [[-2.1938891 -2.4087512  7.450222  -7.637063 ]]
t3-14.8.xlsx  3  2  [[-1.841955 -2.070408  7.090506 -6.764043]]
t3-14.8.xlsx  3  2  [[-1.8161647 -2.6740272  7.6936607 -6.534136 ]]
t3-14.8.xlsx  3  2  [[-1.7489345 -1.2342387  6.0052786 -6.662954 ]]
t3-14.8.xlsx  3  2  [[-1.2696627 -3.144877   6.902882  -8.009726 ]]
t3-14.8.xlsx  3  2  [[-1.9552742 -2.1815956  6.8064847 -6.7740107]]
t3-14.8.xlsx  3  2  [[-3.1991522 -2.037139   7.6007204 -7.568545 ]]
t3-14.8.xlsx  3  2  [[-2.133677  -2.0066864  7.214063  -7.0936074]]
t3-14.8.xlsx  3  2  [[-2.6901166 -2.8966079  7.194646  -8.219471 ]]
t3-14.8.xlsx  3  2  [[-1.7122619 -4.349132   7.8283343 -8.595245 ]]
t3-14.8.xlsx  3  2  [[-2.0257962 -4.000894   7.9878974 -8.21629  ]]
t3-14.8.xlsx  3  2  [[-2.4865084 -1.9050646  7.2132006 -6.5002613]]
t3-14.8.xlsx  3  2  [[-1.5126133 -3.092645   8.464178  -7.385016 ]]
t3-14.8.xlsx  3  2  [[-2.329044  -3.0528588  7.559655  -6.8241744]]
t3-14.8.xlsx  3  2  [[-2.467187  -2.3126917  7.8845925 -7.339689 ]]
t3-14.8.xlsx  3  2  [[-2.6457539 -1.750604   8.242046  -6.405103 ]]
t3-14.8.xlsx  3  2  [[-2.8213472 -1.61499    7.3946357 -6.446434 ]]
t3-14.8.xlsx  3  2  [[-2.2382455 -1.0051193  7.067503  -7.1547527]]
t3-14.8.xlsx  3  2  [[ 0.7541974 -5.55359    6.779644  -7.267191 ]]
t3-14.8.xlsx  3  2  [[ 1.0029305 -3.671088   4.394525  -5.825008 ]]
t3-14.8.xlsx  3  2  [[-1.5865239 -2.6751277  6.7862735 -6.8583384]]
t3-14.8.xlsx  3  2  [[-1.7964664 -2.5357723  7.442377  -8.329476 ]]
t3-14.8.xlsx  3  2  [[ 0.01292484 -4.5523453   5.9647074  -5.8060308 ]]
t3-14.8.xlsx  3  2  [[ 1.0764948 -4.9455085  5.0578675 -6.6168785]]
t3-14.8.xlsx  3  2  [[ 1.7313755 -4.573261   4.955994  -6.0885534]]
t3-14.8.xlsx  3  2  [[-1.7562865 -1.9715426  7.2835784 -7.3390203]]
t3-14.8.xlsx  3  2  [[-2.379717  -2.407411   7.0744176 -8.0675125]]
t3-14.8.xlsx  3  2  [[-2.0212197 -3.251228   7.6608458 -7.664312 ]]
t3-14.8.xlsx  3  2  [[-1.9769508 -3.2478948  8.190523  -8.9809475]]
t3-14.8.xlsx  3  2  [[-2.2664845 -2.5259333  8.339994  -7.742599 ]]
t3-14.8.xlsx  3  2  [[-3.2154086 -1.2668455  8.865951  -6.929697 ]]
t3-14.8.xlsx  3  2  [[-2.6868224 -1.9124596  7.251176  -8.529331 ]]
t3-14.8.xlsx  3  2  [[ 0.28270182 -5.403505    4.9930096  -7.056382  ]]
t3-14.8.xlsx  3  2  [[-2.1242397 -4.514171   9.035719  -7.606889 ]]
t3-14.8.xlsx  3  2  [[-2.4853258 -2.8563752  6.7079315 -8.443954 ]]
t3-14.8.xlsx  3  2  [[-2.5395179 -2.9046104  8.113147  -7.5520015]]
t3-14.8.xlsx  3  2  [[-2.6491957 -2.6576328  8.33347   -8.277064 ]]
t3-14.8.xlsx  3  2  [[-2.4098158 -4.311273   7.728565  -9.082359 ]]
t3-14.8.xlsx  3  2  [[-2.6931546 -3.2652855  7.8992343 -8.40332  ]]
t3-14.8.xlsx  3  2  [[-1.0099722 -3.1566377  6.2677717 -7.4532213]]
t3-14.8.xlsx  3  2  [[-1.7811382 -2.4441025  6.319453  -6.6444345]]
t3-14.8.xlsx  3  2  [[-1.9706236 -3.2018752  8.050588  -6.629508 ]]
t3-14.8.xlsx  3  2  [[-2.4698665 -1.8004683  7.0170135 -7.006626 ]]
t3-14.8.xlsx  3  2  [[-1.8119072 -2.6906407  7.6134725 -7.628232 ]]
t3-14.8.xlsx  3  2  [[-1.2984582 -3.1139283  7.526753  -7.1201196]]
t3-14.8.xlsx  3  2  [[-2.0821047 -2.2238953  7.582167  -8.122335 ]]
t3-14.8.xlsx  3  2  [[-2.380074  -1.5443332  7.252631  -7.11875  ]]
t3-14.8.xlsx  3  2  [[-2.196409  -1.1658067  5.9860415 -7.1572976]]
t3-14.8.xlsx  3  2  [[-1.9334943 -3.468786   7.2873836 -7.1698866]]
t3-14.8.xlsx  3  2  [[-2.076176  -1.6306822  6.774103  -6.588213 ]]
t3-14.8.xlsx  3  2  [[-2.581075  -2.6874912  6.6404815 -8.71409  ]]
t3-14.8.xlsx  3  2  [[-2.3862884 -2.5165715  7.5444856 -7.8279867]]
t3-14.8.xlsx  3  2  [[-1.7212657 -3.4793768  7.204948  -9.013215 ]]
t3-14.8.xlsx  3  2  [[-1.7436106 -1.752127   6.571144  -7.172878 ]]
t3-14.8.xlsx  3  2  [[-2.0654666 -3.4838543  7.8686547 -7.0103464]]
t3-14.8.xlsx  3  2  [[-2.00145   -2.3008547  7.491694  -7.618105 ]]
t3-14.8.xlsx  3  2  [[-2.5956883 -1.5894325  6.665524  -7.5446625]]
t3-14.8.xlsx  3  2  [[-2.5676107 -2.4676828  7.4426723 -8.021038 ]]
t3-14.8.xlsx  3  2  [[-2.6423063 -3.486825   7.848195  -8.000391 ]]
t3-14.8.xlsx  3  2  [[-1.2394638 -3.2537782  7.551846  -7.89302  ]]
t3-14.8.xlsx  3  2  [[-1.9675497 -1.6267301  6.6443715 -7.7413707]]
t3-14.8.xlsx  3  2  [[-2.6597924 -2.1466165  7.2474794 -7.2479663]]
t3-14.8.xlsx  3  2  [[-1.6274158 -3.6199367  7.768716  -7.4293504]]
t3-14.8.xlsx  3  2  [[-2.5688274 -1.8314826  7.057906  -8.329667 ]]
t3-14.8.xlsx  3  2  [[-2.700889  -2.411214   7.2641606 -8.204932 ]]
t3-14.8.xlsx  3  2  [[-2.4528697 -2.4145026  7.6857786 -6.4657383]]
t3-14.8.xlsx  3  2  [[-2.2526276 -2.593676   7.764293  -8.01684  ]]
t3-14.8.xlsx  3  2  [[-1.861496  -2.5331273  6.153379  -6.489833 ]]
t3-14.8.xlsx  3  2  [[-2.1041796 -2.650038   7.4152074 -7.1962957]]
t3-14.8.xlsx  3  2  [[-4.2415247 -2.6323004  9.01758   -9.228458 ]]
t3-14.8.xlsx  3  2  [[-3.1898685 -1.9702218  7.9812975 -6.9908867]]
t3-14.8.xlsx  3  2  [[-1.4454802 -3.4879894  7.4989004 -7.51269  ]]
t3-14.8.xlsx  3  2  [[ 1.9062341 -4.7101665  4.6952724 -5.8524365]]
t3-14.8.xlsx  3  2  [[-1.2211666 -1.5249897  6.507885  -7.4190674]]
t3-14.8.xlsx  3  2  [[-1.7009683 -1.9288454  6.755382  -7.171388 ]]
t3-14.8.xlsx  3  2  [[ 1.4702024 -4.760365   4.2171397 -5.914722 ]]
t3-14.8.xlsx  3  2  [[-2.3979557 -3.0769522  8.607485  -8.117329 ]]
t3-14.8.xlsx  3  2  [[-2.1835017 -2.1995368  7.6820135 -6.8289313]]
t3-14.8.xlsx  3  2  [[-2.218453  -2.6201956  6.5862765 -8.179197 ]]
t3-14.8.xlsx  3  2  [[-3.5539138 -2.1725502  8.473     -8.881905 ]]
t3-14.8.xlsx  3  2  [[-0.23706204 -4.1988964   5.1988025  -5.9805703 ]]
t3-14.8.xlsx  3  2  [[-2.9558978 -1.9836032  6.5711203 -8.267159 ]]
t3-14.8.xlsx  3  2  [[-1.9430459 -3.7927978  7.7548456 -7.477185 ]]
t3-14.8.xlsx  3  2  [[-1.2355891 -1.643242   8.0592375 -7.6249676]]
t3-14.8.xlsx  3  2  [[-3.0493946 -1.3624879  7.979227  -8.505502 ]]
t3-14.8.xlsx  3  2  [[-1.7571279 -2.4040842  7.8370347 -7.345773 ]]
t3-14.8.xlsx  3  2  [[-1.9717374 -2.213229   6.686635  -8.014341 ]]
t3-14.8.xlsx  3  2  [[-1.5843993 -4.6482825  7.512631  -9.245893 ]]
t3-14.8.xlsx  3  2  [[-2.8066547 -2.6327684  6.8928695 -7.672648 ]]
t3-14.8.xlsx  3  2  [[-2.5400555 -2.719972   8.341303  -6.5984254]]
t3-14.8.xlsx  3  2  [[-1.9331676 -2.3709223  7.104784  -8.144801 ]]
t3-14.8.xlsx  3  2  [[-2.2273262 -1.7158934  7.2992578 -7.1531234]]
t3-14.8.xlsx  3  2  [[-2.9616065 -1.406874   6.953531  -7.145533 ]]
t3-14.8.xlsx  3  2  [[-1.9092053 -2.2384999  5.929897  -7.7062635]]
t3-14.8.xlsx  3  2  [[-2.613215  -2.5669327  8.345375  -8.589129 ]]
t3-14.8.xlsx  3  2  [[-1.418526  -1.9703152  7.7599106 -7.043264 ]]
