t2-6.3.xlsx  2  1  [[ 1.4182563  2.6708782 -2.7357452 -3.455502 ]]
t2-6.3.xlsx  2  1  [[ 0.9219828  3.9511585 -1.8406252 -3.973599 ]]
t2-6.3.xlsx  2  1  [[-0.63192934  4.5876193  -3.2239382  -4.6900897 ]]
t2-6.3.xlsx  2  1  [[-0.94486326  5.5039253  -3.1841922  -5.2223363 ]]
t2-6.3.xlsx  2  1  [[-0.99801534  5.0626626  -3.076943   -4.0002193 ]]
t2-6.3.xlsx  2  1  [[-0.6698464  5.3343105 -2.80474   -4.514316 ]]
t2-6.3.xlsx  2  1  [[ 0.06423125  4.158693   -2.67263    -5.5296354 ]]
t2-6.3.xlsx  2  1  [[-0.3896577  5.2229247 -2.1644533 -4.4784207]]
t2-6.3.xlsx  2  1  [[ 0.40224952  5.1228323  -2.169418   -4.6509867 ]]
t2-6.3.xlsx  2  1  [[-0.27039635  4.8355064  -1.8661405  -5.4403415 ]]
t2-6.3.xlsx  2  1  [[ 0.73525125  4.3145156  -2.85658    -4.7984877 ]]
t2-6.3.xlsx  2  1  [[-0.8954987  5.0432396 -2.0868948 -4.6764717]]
t2-6.3.xlsx  2  1  [[-0.44736603  4.6992292  -2.4955673  -4.0050287 ]]
t2-6.3.xlsx  2  1  [[ 1.0067062  4.862652  -2.8691344 -4.6695333]]
t2-6.3.xlsx  2  1  [[-0.4643017  5.0895762 -3.0369675 -4.6102138]]
t2-6.3.xlsx  2  1  [[-0.05747284  4.7772303  -3.5549753  -5.355825  ]]
t2-6.3.xlsx  2  1  [[-0.36478105  4.702662   -2.8717957  -4.1774416 ]]
t2-6.3.xlsx  2  1  [[-0.23526135  5.0154557  -2.4333692  -5.2252    ]]
t2-6.3.xlsx  2  1  [[-1.1841469  5.082778  -3.258788  -4.1450095]]
t2-6.3.xlsx  2  1  [[ 0.3076096  4.0497823 -3.4661582 -5.40681  ]]
t2-6.3.xlsx  2  1  [[-0.5933303  4.407663  -2.4332237 -4.481244 ]]
t2-6.3.xlsx  2  1  [[-0.01000714  5.2201304  -2.885146   -5.46617   ]]
t2-6.3.xlsx  2  1  [[-1.2175819  5.0028763 -3.2523484 -5.766911 ]]
t2-6.3.xlsx  2  1  [[-1.12199    5.9245176 -2.9241405 -4.024536 ]]
t2-6.3.xlsx  2  1  [[ 0.49229217  5.0038505  -2.9881506  -5.3022842 ]]
t2-6.3.xlsx  2  1  [[-0.85234696  5.603632   -3.2052367  -4.721005  ]]
t2-6.3.xlsx  2  1  [[-0.14652905  4.9989395  -3.1828458  -4.5866036 ]]
t2-6.3.xlsx  2  1  [[ 0.00907757  4.9162736  -2.3781881  -4.4181814 ]]
t2-6.3.xlsx  2  1  [[-0.06400657  4.7112184  -1.8621509  -5.2632904 ]]
t2-6.3.xlsx  2  1  [[-0.62140834  4.586927   -2.8352811  -5.0675054 ]]
t2-6.3.xlsx  2  1  [[ 0.05019537  5.015653   -1.776981   -3.8287916 ]]
t2-6.3.xlsx  2  1  [[-0.7673544  4.7232633 -2.1452448 -4.2215695]]
t2-6.3.xlsx  2  1  [[ 0.7502269  4.6166916 -2.7307181 -4.783955 ]]
t2-6.3.xlsx  2  1  [[-0.60930127  4.7693067  -3.0852978  -5.3214154 ]]
t2-6.3.xlsx  2  1  [[-1.3149     5.3348274 -2.6867478 -4.680408 ]]
t2-6.3.xlsx  2  1  [[-1.0427195  5.5525703 -3.5239248 -5.3005605]]
t2-6.3.xlsx  2  1  [[-0.7572526  4.5607824 -2.8544528 -4.5447583]]
t2-6.3.xlsx  2  1  [[-1.2448151  5.3310857 -2.578738  -3.2385871]]
t2-6.3.xlsx  2  1  [[ 0.67030984  3.3404098  -1.9292878  -3.3708537 ]]
t2-6.3.xlsx  2  1  [[-1.3038648  5.167114  -4.083306  -5.864588 ]]
t2-6.3.xlsx  2  1  [[-0.19208193  3.994224   -3.5374756  -4.9781723 ]]
t2-6.3.xlsx  2  1  [[ 0.4643013  3.731501  -2.4007628 -4.977452 ]]
t2-6.3.xlsx  2  1  [[ 0.42007592  4.394604   -2.3569508  -4.0791516 ]]
t2-6.3.xlsx  2  1  [[-1.952907   5.609031  -3.4812303 -5.0959396]]
t2-6.3.xlsx  2  1  [[-1.0066667  4.75821   -2.1940107 -5.131303 ]]
t2-6.3.xlsx  2  1  [[-0.14628789  4.454949   -2.5798144  -4.505307  ]]
t2-6.3.xlsx  2  1  [[-0.42320907  4.428703   -2.7722332  -4.4202785 ]]
t2-6.3.xlsx  2  1  [[-0.599107  5.452978 -3.233226 -4.402498]]
t2-6.3.xlsx  2  1  [[-0.43698746  5.7652774  -2.0991209  -4.4865623 ]]
t2-6.3.xlsx  2  1  [[-0.64139956  3.9704504  -3.0159953  -4.660635  ]]
t2-6.3.xlsx  2  1  [[-0.4757632  5.500542  -2.731479  -4.6352835]]
t2-6.3.xlsx  2  1  [[-0.87529284  4.8962593  -2.178424   -3.867692  ]]
t2-6.3.xlsx  2  1  [[-0.6695428  4.371056  -2.729905  -4.0575314]]
t2-6.3.xlsx  2  1  [[ 0.23614489  4.3128567  -1.9305053  -3.430912  ]]
t2-6.3.xlsx  2  1  [[-0.06656176  3.5685098  -3.6383944  -5.3274856 ]]
t2-6.3.xlsx  2  1  [[-0.53443056  4.746088   -3.2645304  -3.646861  ]]
t2-6.3.xlsx  2  1  [[-1.2688816  5.5574493 -3.0746799 -3.136916 ]]
t2-6.3.xlsx  2  1  [[-0.5519813  4.898063  -1.9483272 -4.6530128]]
t2-6.3.xlsx  2  1  [[ 0.15877217  4.6424704  -2.0091467  -5.0613084 ]]
t2-6.3.xlsx  2  1  [[-1.0847311  4.9956913 -3.0097713 -4.8704376]]
t2-6.3.xlsx  2  1  [[-1.1527646  5.3924093 -2.9370244 -4.160166 ]]
t2-6.3.xlsx  2  1  [[-0.91049486  4.888509   -2.0549512  -5.00373   ]]
t2-6.3.xlsx  2  1  [[-0.15505877  4.580699   -2.6883996  -5.103718  ]]
t2-6.3.xlsx  2  1  [[-0.14975552  4.559523   -3.0840092  -4.6734495 ]]
t2-6.3.xlsx  2  1  [[ 0.30149287  4.0368714  -2.9533296  -5.552953  ]]
t2-6.3.xlsx  2  1  [[-1.0015335  5.2681065 -3.321936  -5.140286 ]]
t2-6.3.xlsx  2  1  [[-0.04661694  5.4681277  -2.4398918  -4.994864  ]]
t2-6.3.xlsx  2  1  [[-0.28084984  5.824825   -2.8265083  -4.3180304 ]]
t2-6.3.xlsx  2  1  [[-1.294764   5.5276246 -3.1815104 -5.1801605]]
t2-6.3.xlsx  2  1  [[ 0.43268526  3.4536211  -3.7182918  -5.234078  ]]
t2-6.3.xlsx  2  1  [[ 0.5687749  5.374903  -3.5750527 -4.2759004]]
t2-6.3.xlsx  2  1  [[-1.0967149  5.192109  -2.9935298 -5.7235446]]
t2-6.3.xlsx  2  1  [[-0.53363746  4.281027   -2.2307954  -4.5427194 ]]
t2-6.3.xlsx  2  1  [[-0.73344696  4.7322006  -2.2728662  -4.9276795 ]]
t2-6.3.xlsx  2  1  [[ 0.07129651  5.248456   -2.7638354  -4.0451508 ]]
t2-6.3.xlsx  2  1  [[-0.30619332  4.811395   -2.2040346  -4.7550035 ]]
t2-6.3.xlsx  2  1  [[-0.8205236  5.161753  -3.2257097 -5.377432 ]]
t2-6.3.xlsx  2  1  [[-0.7208299  4.8283925 -2.4473705 -3.708798 ]]
t2-6.3.xlsx  2  1  [[-0.5551858  5.4517555 -2.0634413 -4.7020597]]
t2-6.3.xlsx  2  1  [[ 0.03123014  4.577935   -1.2942005  -5.0577793 ]]
t2-6.3.xlsx  2  1  [[-0.3448977  4.5418096 -3.3983734 -5.4021773]]
t2-6.3.xlsx  2  1  [[-0.08895054  4.7051697  -3.3352098  -4.36145   ]]
t2-6.3.xlsx  2  1  [[-0.63917255  5.484458   -2.5742826  -4.088011  ]]
t2-6.3.xlsx  2  1  [[-1.065857   4.9020686 -2.765697  -4.7765174]]
t2-6.3.xlsx  2  1  [[ 0.22528124  5.1018033  -3.188008   -5.3079314 ]]
t2-6.3.xlsx  2  1  [[ 0.23111556  4.072874   -2.2729778  -3.728047  ]]
t2-6.3.xlsx  2  1  [[-1.6445731  5.6252136 -3.4888847 -4.6870155]]
t2-6.3.xlsx  2  1  [[-0.296481   5.1805353 -3.1006966 -4.7536554]]
t2-6.3.xlsx  2  1  [[-0.5335155  4.6298804 -3.1767492 -4.782428 ]]
t2-6.3.xlsx  2  1  [[ 0.63135487  4.717615   -2.5515778  -4.446874  ]]
t2-6.3.xlsx  2  1  [[-0.52976674  5.0214076  -3.280888   -4.2778344 ]]
t2-6.3.xlsx  2  1  [[ 0.8050492  4.66828   -2.7179937 -5.958521 ]]
t2-6.3.xlsx  2  1  [[-0.19954935  5.1298957  -2.9001498  -4.632655  ]]
t2-6.3.xlsx  2  1  [[-0.05634323  4.508422   -3.1254747  -4.107957  ]]
t2-6.3.xlsx  2  1  [[ 0.48050678  5.2270885  -3.080762   -5.606701  ]]
t2-6.3.xlsx  2  1  [[-1.3213068  4.912226  -2.8107846 -5.3683996]]
t2-6.3.xlsx  2  1  [[-1.3267144  5.417325  -2.8736475 -4.149354 ]]
t2-6.3.xlsx  2  1  [[-0.07665887  4.2092834  -3.526479   -4.9575133 ]]
t2-6.3.xlsx  2  1  [[ 0.01101673  4.490397   -1.7082254  -4.4628477 ]]
t2-6.3.xlsx  2  1  [[ 0.07504386  4.080492   -3.4221551  -5.9055448 ]]
