t2-1.6.xlsx  2  1  [[ 1.1773721  5.428547  -3.60909   -2.4647498]]
t2-1.6.xlsx  2  1  [[ 0.79239404  4.0842595  -3.3214977  -1.932991  ]]
t2-1.6.xlsx  2  1  [[ 1.2076252  3.5484383 -3.629311  -2.8338592]]
t2-1.6.xlsx  2  1  [[ 1.0213984  5.2790933 -2.9322324 -1.5619358]]
t2-1.6.xlsx  2  1  [[ 1.802543   3.0904992 -3.2672744 -1.9574906]]
t2-1.6.xlsx  2  1  [[ 1.1660556  3.6933124 -3.4655683 -2.29978  ]]
t2-1.6.xlsx  2  1  [[ 1.5769302  3.459916  -2.2226646 -1.5848067]]
t2-1.6.xlsx  2  1  [[ 1.5485653  3.4837515 -3.0773532 -1.9081548]]
t2-1.6.xlsx  2  1  [[ 0.91287357  3.8142986  -2.5808444  -1.9051676 ]]
t2-1.6.xlsx  2  1  [[ 1.2925204  2.7813728 -3.3047082 -1.5377599]]
t2-1.6.xlsx  2  1  [[ 1.3960992  1.8530093 -3.080052  -1.3769068]]
t2-1.6.xlsx  2  1  [[ 1.3747355  3.8280654 -3.2344718 -2.3928657]]
t2-1.6.xlsx  2  1  [[ 2.5936387  3.2635274 -3.3957477 -2.6067476]]
t2-1.6.xlsx  2  1  [[ 1.5293635  4.772562  -3.4323537 -2.5239341]]
t2-1.6.xlsx  2  1  [[ 1.5271883  3.2792647 -3.139813  -2.3292859]]
t2-1.6.xlsx  2  1  [[ 0.9793075  4.244733  -3.690976  -2.3046772]]
t2-1.6.xlsx  2  1  [[ 1.5460469  2.4425347 -2.7496836 -1.6558535]]
t2-1.6.xlsx  2  1  [[ 1.3628193  3.8445206 -2.9846046 -1.867347 ]]
t2-1.6.xlsx  2  1  [[ 1.5676064  3.6868026 -2.4909608 -2.4937525]]
t2-1.6.xlsx  2  1  [[-0.04154314  4.0606117  -3.0718322  -1.8086332 ]]
t2-1.6.xlsx  2  1  [[ 2.0960774  2.6121387 -3.362895  -1.4777904]]
t2-1.6.xlsx  2  1  [[ 1.7899204  3.7785878 -3.7036994 -2.548528 ]]
t2-1.6.xlsx  2  1  [[ 1.487714   3.969974  -3.034685  -1.9404457]]
t2-1.6.xlsx  2  1  [[ 1.7039272  4.830339  -2.2078803 -1.0927047]]
t2-1.6.xlsx  2  1  [[ 1.9261243  2.461465  -3.7039037 -2.6451042]]
t2-1.6.xlsx  2  1  [[ 1.5968996  2.5405073 -2.9953942 -1.7932129]]
t2-1.6.xlsx  2  1  [[ 1.7500068  3.546202  -3.332103  -1.78052  ]]
t2-1.6.xlsx  2  1  [[ 1.0243601  3.0692594 -2.7104616 -1.2537092]]
t2-1.6.xlsx  2  1  [[ 1.670625   4.568104  -1.9068847 -1.8799264]]
t2-1.6.xlsx  2  1  [[ 1.9452791  2.118676  -3.1482766 -2.085071 ]]
t2-1.6.xlsx  2  1  [[ 1.594675   3.490149  -2.4143384 -1.276802 ]]
t2-1.6.xlsx  2  1  [[ 2.311687   3.403757  -2.5704155 -1.3683883]]
t2-1.6.xlsx  2  1  [[ 1.7299412  2.1637137 -2.284288  -1.2883745]]
t2-1.6.xlsx  2  1  [[ 1.5389502  3.6643531 -2.9447186 -1.6727924]]
t2-1.6.xlsx  2  1  [[ 1.3425968  2.8904703 -2.8880463 -1.6346489]]
t2-1.6.xlsx  2  1  [[ 1.9571025  3.9248257 -2.529831  -1.072441 ]]
t2-1.6.xlsx  2  1  [[ 2.335118   3.455761  -3.8549037 -3.0315113]]
t2-1.6.xlsx  2  1  [[ 0.30504316  4.4710417  -3.9782255  -2.6084871 ]]
t2-1.6.xlsx  2  1  [[ 2.692194   3.5924234 -3.0054905 -1.9013392]]
t2-1.6.xlsx  2  1  [[ 1.0691202  3.5541072 -3.2001996 -2.0870495]]
t2-1.6.xlsx  2  1  [[ 1.7724543  3.4334157 -3.2052479 -2.372252 ]]
t2-1.6.xlsx  2  1  [[ 0.5012157  3.3723402 -3.8356586 -1.5504904]]
t2-1.6.xlsx  2  1  [[ 1.1775668  4.196213  -3.849397  -2.2282622]]
t2-1.6.xlsx  2  1  [[ 2.0390706  2.5429215 -2.2089112 -1.4785168]]
t2-1.6.xlsx  2  1  [[ 1.5276226  3.498691  -2.0996346 -1.1989127]]
t2-1.6.xlsx  2  1  [[ 1.3362507  3.8553257 -3.341527  -2.2325273]]
t2-1.6.xlsx  2  1  [[ 0.7934007  2.0814536 -2.50994   -1.8487315]]
t2-1.6.xlsx  2  1  [[ 1.6639391  2.906124  -2.4086025 -1.8125677]]
t2-1.6.xlsx  2  1  [[ 0.44958532  3.7679706  -3.2809474  -1.4835689 ]]
t2-1.6.xlsx  2  1  [[ 1.784272   2.9886358 -2.5867658 -1.561764 ]]
t2-1.6.xlsx  2  1  [[ 1.5012518  2.415307  -3.48814   -1.8312439]]
t2-1.6.xlsx  2  1  [[ 1.895761   3.2177815 -2.9362538 -1.6510236]]
t2-1.6.xlsx  2  1  [[ 1.5735283  3.0461547 -2.4672735 -1.7742327]]
t2-1.6.xlsx  2  1  [[ 2.5278332  2.7595649 -3.3958225 -2.6465607]]
t2-1.6.xlsx  2  1  [[ 1.2570426  2.4874415 -1.8950993 -1.1504856]]
t2-1.6.xlsx  2  1  [[ 1.954175  4.636864 -3.404852 -1.039616]]
t2-1.6.xlsx  2  1  [[ 1.4058768  3.964343  -3.442921  -1.7317343]]
t2-1.6.xlsx  2  1  [[ 1.2287629  3.4440155 -3.0821724 -1.353305 ]]
t2-1.6.xlsx  2  1  [[ 1.5802081  3.5504937 -2.5956159 -2.3543055]]
t2-1.6.xlsx  2  1  [[ 1.614218   4.390777  -3.374542  -2.3138509]]
t2-1.6.xlsx  2  1  [[ 1.0683662  4.4528413 -3.4702046 -1.9022764]]
t2-1.6.xlsx  2  1  [[ 1.6533262  2.7118297 -2.4042106 -1.3079689]]
t2-1.6.xlsx  2  1  [[ 2.0695407  3.1836922 -3.3343618 -1.9215415]]
t2-1.6.xlsx  2  1  [[ 1.3322979  2.714628  -3.497074  -2.4755092]]
t2-1.6.xlsx  2  1  [[ 2.3662972  3.5057864 -2.494508  -1.211765 ]]
t2-1.6.xlsx  2  1  [[ 0.89477694  2.9837995  -2.2583814  -1.9970709 ]]
t2-1.6.xlsx  2  1  [[ 0.5981937  3.3546555 -3.1760335 -1.64899  ]]
t2-1.6.xlsx  2  1  [[ 2.0258355  4.328657  -2.276239  -1.0032669]]
t2-1.6.xlsx  2  1  [[ 1.8032423  3.6727383 -2.5938897 -2.3241577]]
t2-1.6.xlsx  2  1  [[ 1.5378765  2.9478776 -2.1287718 -0.8805628]]
t2-1.6.xlsx  2  1  [[ 1.3063033  2.454843  -2.2988448 -1.2276858]]
t2-1.6.xlsx  2  1  [[ 1.9869064  3.2258282 -2.19353   -1.3055521]]
t2-1.6.xlsx  2  1  [[ 1.8550552  4.3236094 -2.5138268 -1.2217562]]
t2-1.6.xlsx  2  1  [[ 0.3747173  2.198946  -2.8864353 -1.4003689]]
t2-1.6.xlsx  2  1  [[ 1.9543471   3.6495395  -2.069118   -0.96429497]]
t2-1.6.xlsx  2  1  [[ 1.1278927  2.3873713 -2.8196263 -2.1016104]]
t2-1.6.xlsx  2  1  [[ 0.97927916  3.0091124  -2.798912   -2.4268494 ]]
t2-1.6.xlsx  2  1  [[ 0.31184042  3.8207471  -3.0639887  -2.9125128 ]]
t2-1.6.xlsx  2  1  [[ 0.83789945  2.4910333  -2.8568053  -1.3389752 ]]
t2-1.6.xlsx  2  1  [[ 3.3597214  4.072529  -2.7174313 -1.5808429]]
t2-1.6.xlsx  2  1  [[ 1.908993   2.3665836 -2.8377597 -1.6345971]]
t2-1.6.xlsx  2  1  [[ 1.5852711  3.6989849 -2.5806718 -1.7861475]]
t2-1.6.xlsx  2  1  [[ 1.6517769  3.5857306 -3.0472114 -1.74647  ]]
t2-1.6.xlsx  2  1  [[ 1.2787498  4.1058764 -1.9903276 -1.4623001]]
t2-1.6.xlsx  2  1  [[ 1.6207491  3.3421347 -3.3514605 -2.1208286]]
t2-1.6.xlsx  2  1  [[ 1.4131194  3.9719384 -2.978205  -1.730023 ]]
t2-1.6.xlsx  2  1  [[ 1.2099795  3.1595676 -2.9942205 -2.6268046]]
t2-1.6.xlsx  2  1  [[ 1.2862225  2.2077386 -2.686427  -2.506266 ]]
t2-1.6.xlsx  2  1  [[ 0.6504122  3.737806  -3.2165077 -2.2266223]]
t2-1.6.xlsx  2  1  [[ 0.54000485  2.962585   -3.4352317  -1.9578276 ]]
t2-1.6.xlsx  2  1  [[ 0.99325037  2.804      -2.5334277  -1.3261132 ]]
t2-1.6.xlsx  2  1  [[ 0.28781563  3.239728   -3.89668    -2.3655782 ]]
t2-1.6.xlsx  2  1  [[ 2.2790942  3.4005675 -2.8119318 -2.2324545]]
t2-1.6.xlsx  2  1  [[ 2.6034553  2.9873018 -2.9806738 -2.603335 ]]
t2-1.6.xlsx  2  1  [[ 1.5567842  4.5361347 -3.0608268 -1.464982 ]]
t2-1.6.xlsx  2  1  [[ 1.1332659  3.7028372 -2.8541946 -1.8678205]]
t2-1.6.xlsx  2  1  [[ 1.6670631  4.002008  -2.6761537 -2.2791853]]
