t3-0.9.xlsx  1  0  [[ 0.9628971  -0.34486404  0.35490966 -2.1512878 ]]
t3-0.9.xlsx  1  0  [[ 1.3559871  -0.08430979  1.0720327  -1.4119221 ]]
t3-0.9.xlsx  1  0  [[ 0.8199825  -0.35966623  0.8078905  -1.7462323 ]]
t3-0.9.xlsx  2  1  [[-0.08201846  1.3199791   1.2402742  -2.3173702 ]]
t3-0.9.xlsx  1  0  [[ 0.9906933   0.4177338   0.33778995 -1.4121873 ]]
t3-0.9.xlsx  1  0  [[ 1.5450544 -1.4567716  1.0053738 -3.2358031]]
t3-0.9.xlsx  1  0  [[ 1.3778541  -0.7605903   0.19167575 -3.0313258 ]]
t3-0.9.xlsx  1  0  [[ 0.6822193  -0.20608196  0.5589537  -1.5414404 ]]
t3-0.9.xlsx  1  0  [[ 1.4732944 -0.5396209  0.5549246 -1.7302381]]
t3-0.9.xlsx  1  0  [[ 0.9368482  -0.775595    0.60028464 -1.7829887 ]]
t3-0.9.xlsx  2  1  [[ 0.06379107  1.2737136   0.9072809  -2.676133  ]]
t3-0.9.xlsx  1  0  [[ 1.8719121  -0.24750593  0.46475643 -1.9770291 ]]
t3-0.9.xlsx  1  0  [[ 1.3785036  -0.21252427  0.8743739  -2.2288227 ]]
t3-0.9.xlsx  1  0  [[ 0.54946864 -1.1531167   0.4547897  -2.7281232 ]]
t3-0.9.xlsx  1  0  [[ 1.5835938   0.41743904  0.81990635 -1.4323426 ]]
t3-0.9.xlsx  2  1  [[-0.12405448  0.8504684   0.38569582 -1.4316797 ]]
