t3-12.2.xlsx  3  2  [[-3.5014582 -3.4845104 10.839997  -4.4119763]]
t3-12.2.xlsx  3  2  [[-2.6464067 -3.9889657  6.397319   0.3407312]]
t3-12.2.xlsx  3  2  [[-2.7607234  -3.6810026   6.780285   -0.36929393]]
t3-12.2.xlsx  3  2  [[-2.7765577 -3.3303788  7.190836  -1.3236245]]
t3-12.2.xlsx  3  2  [[-2.8163116  -4.1350455   7.3122306  -0.42395586]]
t3-12.2.xlsx  3  2  [[-2.7590091  -3.8651025   6.8300114  -0.25486073]]
t3-12.2.xlsx  3  2  [[-2.7155983 -3.5605772  6.7671723 -0.5723624]]
t3-12.2.xlsx  3  2  [[-2.71326    -4.020877    7.1003604  -0.44423306]]
t3-12.2.xlsx  3  2  [[-2.750496   -3.6432636   6.6686144  -0.34776556]]
t3-12.2.xlsx  3  2  [[-2.8168676 -3.5641143  7.114537  -0.8383966]]
t3-12.2.xlsx  3  2  [[-2.8288636 -3.655546   7.196902  -0.8318806]]
t3-12.2.xlsx  3  2  [[-2.7502418  -3.9142013   7.382299   -0.83051264]]
t3-12.2.xlsx  3  2  [[-2.694987   -4.068486    6.9571185  -0.24073052]]
t3-12.2.xlsx  3  2  [[-2.7665784  -4.0131197   7.0820827  -0.31147563]]
t3-12.2.xlsx  3  2  [[-2.6982272 -3.320937   6.6897397 -0.8656422]]
t3-12.2.xlsx  3  2  [[-2.7221863 -3.53996    7.020473  -0.9187565]]
t3-12.2.xlsx  3  2  [[-2.6904986  -3.8988757   6.7201     -0.15553106]]
t3-12.2.xlsx  3  2  [[-2.795825  -3.607635   6.9809046 -0.7042495]]
t3-12.2.xlsx  3  2  [[-2.7880268 -3.4663827  6.850397  -0.7298707]]
t3-12.2.xlsx  3  2  [[-2.7915154  -3.9039388   6.956689   -0.32223696]]
t3-12.2.xlsx  3  2  [[-2.740959   -4.051762    6.963083   -0.17174429]]
t3-12.2.xlsx  3  2  [[-2.690898   -3.4685593   6.62369    -0.61919975]]
t3-12.2.xlsx  3  2  [[-2.7939923  -4.033235    7.0328913  -0.22611225]]
t3-12.2.xlsx  3  2  [[-2.7266903  -3.7013037   7.1055584  -0.81584173]]
t3-12.2.xlsx  3  2  [[-2.7693083  -3.7209163   6.937867   -0.55735695]]
t3-12.2.xlsx  3  2  [[-2.8659484  -3.8076265   7.257302   -0.69525576]]
t3-12.2.xlsx  3  2  [[-2.7109556 -3.7181203  6.6855593 -0.2733362]]
t3-12.2.xlsx  3  2  [[-2.7897158 -3.9759557  7.088454  -0.3550256]]
t3-12.2.xlsx  3  2  [[-2.8396058  -3.8062923   7.243171   -0.68827057]]
t3-12.2.xlsx  3  2  [[-2.7246187  -3.969569    6.8814845  -0.20759141]]
t3-12.2.xlsx  3  2  [[-2.5807705  -3.963978    6.1855226   0.39542717]]
t3-12.2.xlsx  3  2  [[-2.711457  -3.7734091  7.0349474 -0.6624967]]
t3-12.2.xlsx  3  2  [[-2.7856715 -3.4825215  6.8569865 -0.7236115]]
t3-12.2.xlsx  3  2  [[-2.6452932 -3.758815   6.7945685 -0.4855876]]
t3-12.2.xlsx  3  2  [[-2.822975  -3.6137505  6.7036824 -0.3081536]]
t3-12.2.xlsx  3  2  [[-2.7473893 -3.672881   6.971287  -0.6619133]]
t3-12.2.xlsx  3  2  [[-2.748685   -3.726885    6.945595   -0.57738996]]
t3-12.2.xlsx  3  2  [[-2.8165712 -4.024766   7.597505  -0.890959 ]]
t3-12.2.xlsx  3  2  [[-2.8126793  -3.8616796   6.7604814  -0.09041178]]
t3-12.2.xlsx  3  2  [[-2.6856172  -4.0114865   7.176354   -0.55873036]]
t3-12.2.xlsx  3  2  [[-2.7626936 -3.5852294  7.0264378 -0.8405297]]
t3-12.2.xlsx  3  2  [[-2.7164607 -3.6779504  6.816863  -0.5314744]]
t3-12.2.xlsx  3  2  [[-2.7264252  -3.785748    6.8126307  -0.36796874]]
t3-12.2.xlsx  3  2  [[-2.7581255  -3.5825863   6.793106   -0.51628095]]
t3-12.2.xlsx  3  2  [[-2.7761433 -3.4408376  6.8753176 -0.8463069]]
t3-12.2.xlsx  3  2  [[-2.7764435  -3.7855453   6.543615    0.03590868]]
t3-12.2.xlsx  3  2  [[-2.7497115  -4.132979    7.129654   -0.23225665]]
t3-12.2.xlsx  3  2  [[-2.7465618 -3.7294874  7.123624  -0.7588138]]
t3-12.2.xlsx  3  2  [[-2.749927  -4.07121    7.3799353 -0.6254689]]
t3-12.2.xlsx  3  2  [[-2.748388   -3.6441805   6.9233646  -0.65557146]]
t3-12.2.xlsx  3  2  [[-2.729103  -3.4365401  6.6518936 -0.6061335]]
t3-12.2.xlsx  3  2  [[-2.6500401  -3.8235047   6.6198263  -0.20684391]]
t3-12.2.xlsx  3  2  [[-2.7327194  -4.071737    6.9559374  -0.13098368]]
t3-12.2.xlsx  3  2  [[-2.794081  -3.6128178  7.2730236 -1.0379456]]
t3-12.2.xlsx  3  2  [[-2.7121184  -3.9730039   6.4877253   0.25516587]]
t3-12.2.xlsx  3  2  [[-2.7364807 -3.3795097  6.6008806 -0.6110789]]
t3-12.2.xlsx  3  2  [[-2.7195976  -3.791372    6.8936653  -0.47439492]]
t3-12.2.xlsx  3  2  [[-2.6671793 -3.5416975  6.6325293 -0.5159037]]
t3-12.2.xlsx  3  2  [[-2.756943   -4.3758464   7.543954   -0.47289348]]
t3-12.2.xlsx  3  2  [[-2.6527767 -3.4622025  6.4344335 -0.3849985]]
t3-12.2.xlsx  3  2  [[-2.7672365  -3.8591416   6.7770653  -0.18020928]]
t3-12.2.xlsx  3  2  [[-2.6827817  -3.888379    6.6266313  -0.08466585]]
t3-12.2.xlsx  3  2  [[-2.763682  -3.7251167  7.188929  -0.8306818]]
t3-12.2.xlsx  3  2  [[-2.7374253 -3.5858433  6.898529  -0.7035444]]
t3-12.2.xlsx  3  2  [[-2.7189837  -3.7840965   6.9179444  -0.44416094]]
t3-12.2.xlsx  3  2  [[-2.6997364  -3.3683882   6.2409163  -0.25790298]]
t3-12.2.xlsx  3  2  [[-2.7373044 -3.9447448  6.9239902 -0.2773112]]
t3-12.2.xlsx  3  2  [[-2.6406126  -3.7518456   6.468584   -0.08130676]]
t3-12.2.xlsx  3  2  [[-2.7609963  -3.9725008   7.1137614  -0.44721496]]
t3-12.2.xlsx  3  2  [[-2.718081   -3.5986087   6.598467   -0.30479306]]
t3-12.2.xlsx  3  2  [[-2.8332746  -3.6578677   7.1352105  -0.77271247]]
t3-12.2.xlsx  3  2  [[-2.7218926  -3.7677667   6.817897   -0.38884467]]
t3-12.2.xlsx  3  2  [[-2.6925492  -3.4668732   6.4913425  -0.42930472]]
t3-12.2.xlsx  3  2  [[-2.7871895 -4.3078895  7.467378  -0.3511791]]
t3-12.2.xlsx  3  2  [[-2.6853323  -3.4812565   6.6825533  -0.61235005]]
t3-12.2.xlsx  3  2  [[-2.6354094  -4.154607    6.6258907   0.22501096]]
t3-12.2.xlsx  3  2  [[-2.6702857  -3.7319467   6.141505    0.27424258]]
t3-12.2.xlsx  3  2  [[-2.7540228  -3.3155777   6.6961584  -0.80824184]]
t3-12.2.xlsx  3  2  [[-2.672689  -3.4496932  6.4076357 -0.3470862]]
t3-12.2.xlsx  3  2  [[-2.6288795  -3.8471444   6.5233946  -0.07594143]]
t3-12.2.xlsx  3  2  [[-2.7506793  -3.5370445   6.6730976  -0.49511433]]
t3-12.2.xlsx  3  2  [[-2.7064903  -4.247938    6.9480176   0.05217072]]
t3-12.2.xlsx  3  2  [[-2.6810129 -4.10258    7.0399327 -0.2908023]]
t3-12.2.xlsx  3  2  [[-2.82944    -3.6109738   6.945132   -0.64775836]]
t3-12.2.xlsx  3  2  [[-2.6889176  -3.276976    6.1465864  -0.30067486]]
t3-12.2.xlsx  3  2  [[-2.771575   -4.060936    7.0776763  -0.25303748]]
t3-12.2.xlsx  3  2  [[-2.760303   -3.603779    6.7465386  -0.46991813]]
t3-12.2.xlsx  3  2  [[-2.7073379  -3.7272873   7.113423   -0.79753524]]
t3-12.2.xlsx  3  2  [[-2.7129703  -3.326864    6.2374663  -0.30936342]]
t3-12.2.xlsx  3  2  [[-2.7972608 -3.014643   6.4843664 -0.8670539]]
t3-12.2.xlsx  3  2  [[-2.6949863 -3.4382734  6.4931455 -0.4736445]]
t3-12.2.xlsx  3  2  [[-2.642171   -4.2787094   6.8149257   0.20087512]]
t3-12.2.xlsx  3  2  [[-2.7925484 -3.1945214  7.0106187 -1.2901092]]
t3-12.2.xlsx  3  2  [[-2.7442508  -3.7786663   6.7431035  -0.24532062]]
t3-12.2.xlsx  3  2  [[-2.7086618  -3.8704703   6.6703215  -0.09891815]]
t3-12.2.xlsx  3  2  [[-2.710015   -3.539597    6.848852   -0.75198823]]
t3-12.2.xlsx  3  2  [[-2.708589  -3.9112482  6.6576805 -0.0504684]]
t3-12.2.xlsx  3  2  [[-2.7831383  -4.036409    7.043256   -0.23179948]]
t3-12.2.xlsx  3  2  [[-2.735132   -3.5711432   6.5053306  -0.27659994]]
t3-12.2.xlsx  3  2  [[-2.638539   -4.1252427   6.6250105   0.13288565]]
t3-12.2.xlsx  3  2  [[-3.5014582 -3.4845104 10.839997  -4.4119763]]
t3-12.2.xlsx  3  2  [[-2.6464067 -3.9889657  6.397319   0.3407312]]
t3-12.2.xlsx  3  2  [[-2.7607234  -3.6810026   6.780285   -0.36929393]]
t3-12.2.xlsx  3  2  [[-2.7765577 -3.3303788  7.190836  -1.3236245]]
t3-12.2.xlsx  3  2  [[-2.8163116  -4.1350455   7.3122306  -0.42395586]]
t3-12.2.xlsx  3  2  [[-2.7590091  -3.8651025   6.8300114  -0.25486073]]
t3-12.2.xlsx  3  2  [[-2.7155983 -3.5605772  6.7671723 -0.5723624]]
t3-12.2.xlsx  3  2  [[-2.71326    -4.020877    7.1003604  -0.44423306]]
t3-12.2.xlsx  3  2  [[-2.750496   -3.6432636   6.6686144  -0.34776556]]
t3-12.2.xlsx  3  2  [[-2.8168676 -3.5641143  7.114537  -0.8383966]]
t3-12.2.xlsx  3  2  [[-2.8288636 -3.655546   7.196902  -0.8318806]]
t3-12.2.xlsx  3  2  [[-2.7502418  -3.9142013   7.382299   -0.83051264]]
t3-12.2.xlsx  3  2  [[-2.694987   -4.068486    6.9571185  -0.24073052]]
t3-12.2.xlsx  3  2  [[-2.7665784  -4.0131197   7.0820827  -0.31147563]]
t3-12.2.xlsx  3  2  [[-2.6982272 -3.320937   6.6897397 -0.8656422]]
t3-12.2.xlsx  3  2  [[-2.7221863 -3.53996    7.020473  -0.9187565]]
t3-12.2.xlsx  3  2  [[-2.6904986  -3.8988757   6.7201     -0.15553106]]
t3-12.2.xlsx  3  2  [[-2.795825  -3.607635   6.9809046 -0.7042495]]
t3-12.2.xlsx  3  2  [[-2.7880268 -3.4663827  6.850397  -0.7298707]]
t3-12.2.xlsx  3  2  [[-2.7915154  -3.9039388   6.956689   -0.32223696]]
t3-12.2.xlsx  3  2  [[-2.740959   -4.051762    6.963083   -0.17174429]]
t3-12.2.xlsx  3  2  [[-2.690898   -3.4685593   6.62369    -0.61919975]]
t3-12.2.xlsx  3  2  [[-2.7939923  -4.033235    7.0328913  -0.22611225]]
t3-12.2.xlsx  3  2  [[-2.7266903  -3.7013037   7.1055584  -0.81584173]]
t3-12.2.xlsx  3  2  [[-2.7693083  -3.7209163   6.937867   -0.55735695]]
t3-12.2.xlsx  3  2  [[-2.8659484  -3.8076265   7.257302   -0.69525576]]
t3-12.2.xlsx  3  2  [[-2.7109556 -3.7181203  6.6855593 -0.2733362]]
t3-12.2.xlsx  3  2  [[-2.7897158 -3.9759557  7.088454  -0.3550256]]
t3-12.2.xlsx  3  2  [[-2.8396058  -3.8062923   7.243171   -0.68827057]]
t3-12.2.xlsx  3  2  [[-2.7246187  -3.969569    6.8814845  -0.20759141]]
t3-12.2.xlsx  3  2  [[-2.5807705  -3.963978    6.1855226   0.39542717]]
t3-12.2.xlsx  3  2  [[-2.711457  -3.7734091  7.0349474 -0.6624967]]
t3-12.2.xlsx  3  2  [[-2.7856715 -3.4825215  6.8569865 -0.7236115]]
t3-12.2.xlsx  3  2  [[-2.6452932 -3.758815   6.7945685 -0.4855876]]
t3-12.2.xlsx  3  2  [[-2.822975  -3.6137505  6.7036824 -0.3081536]]
t3-12.2.xlsx  3  2  [[-2.7473893 -3.672881   6.971287  -0.6619133]]
t3-12.2.xlsx  3  2  [[-2.748685   -3.726885    6.945595   -0.57738996]]
t3-12.2.xlsx  3  2  [[-2.8165712 -4.024766   7.597505  -0.890959 ]]
t3-12.2.xlsx  3  2  [[-2.8126793  -3.8616796   6.7604814  -0.09041178]]
t3-12.2.xlsx  3  2  [[-2.6856172  -4.0114865   7.176354   -0.55873036]]
t3-12.2.xlsx  3  2  [[-2.7626936 -3.5852294  7.0264378 -0.8405297]]
t3-12.2.xlsx  3  2  [[-2.7164607 -3.6779504  6.816863  -0.5314744]]
t3-12.2.xlsx  3  2  [[-2.7264252  -3.785748    6.8126307  -0.36796874]]
t3-12.2.xlsx  3  2  [[-2.7581255  -3.5825863   6.793106   -0.51628095]]
t3-12.2.xlsx  3  2  [[-2.7761433 -3.4408376  6.8753176 -0.8463069]]
t3-12.2.xlsx  3  2  [[-2.7764435  -3.7855453   6.543615    0.03590868]]
t3-12.2.xlsx  3  2  [[-2.7497115  -4.132979    7.129654   -0.23225665]]
t3-12.2.xlsx  3  2  [[-2.7465618 -3.7294874  7.123624  -0.7588138]]
t3-12.2.xlsx  3  2  [[-2.749927  -4.07121    7.3799353 -0.6254689]]
t3-12.2.xlsx  3  2  [[-2.748388   -3.6441805   6.9233646  -0.65557146]]
t3-12.2.xlsx  3  2  [[-2.729103  -3.4365401  6.6518936 -0.6061335]]
t3-12.2.xlsx  3  2  [[-2.6500401  -3.8235047   6.6198263  -0.20684391]]
t3-12.2.xlsx  3  2  [[-2.7327194  -4.071737    6.9559374  -0.13098368]]
t3-12.2.xlsx  3  2  [[-2.794081  -3.6128178  7.2730236 -1.0379456]]
t3-12.2.xlsx  3  2  [[-2.7121184  -3.9730039   6.4877253   0.25516587]]
t3-12.2.xlsx  3  2  [[-2.7364807 -3.3795097  6.6008806 -0.6110789]]
t3-12.2.xlsx  3  2  [[-2.7195976  -3.791372    6.8936653  -0.47439492]]
t3-12.2.xlsx  3  2  [[-2.6671793 -3.5416975  6.6325293 -0.5159037]]
t3-12.2.xlsx  3  2  [[-2.756943   -4.3758464   7.543954   -0.47289348]]
t3-12.2.xlsx  3  2  [[-2.6527767 -3.4622025  6.4344335 -0.3849985]]
t3-12.2.xlsx  3  2  [[-2.7672365  -3.8591416   6.7770653  -0.18020928]]
t3-12.2.xlsx  3  2  [[-2.6827817  -3.888379    6.6266313  -0.08466585]]
t3-12.2.xlsx  3  2  [[-2.763682  -3.7251167  7.188929  -0.8306818]]
t3-12.2.xlsx  3  2  [[-2.7374253 -3.5858433  6.898529  -0.7035444]]
t3-12.2.xlsx  3  2  [[-2.7189837  -3.7840965   6.9179444  -0.44416094]]
t3-12.2.xlsx  3  2  [[-2.6997364  -3.3683882   6.2409163  -0.25790298]]
t3-12.2.xlsx  3  2  [[-2.7373044 -3.9447448  6.9239902 -0.2773112]]
t3-12.2.xlsx  3  2  [[-2.6406126  -3.7518456   6.468584   -0.08130676]]
t3-12.2.xlsx  3  2  [[-2.7609963  -3.9725008   7.1137614  -0.44721496]]
t3-12.2.xlsx  3  2  [[-2.718081   -3.5986087   6.598467   -0.30479306]]
t3-12.2.xlsx  3  2  [[-2.8332746  -3.6578677   7.1352105  -0.77271247]]
t3-12.2.xlsx  3  2  [[-2.7218926  -3.7677667   6.817897   -0.38884467]]
t3-12.2.xlsx  3  2  [[-2.6925492  -3.4668732   6.4913425  -0.42930472]]
t3-12.2.xlsx  3  2  [[-2.7871895 -4.3078895  7.467378  -0.3511791]]
t3-12.2.xlsx  3  2  [[-2.6853323  -3.4812565   6.6825533  -0.61235005]]
t3-12.2.xlsx  3  2  [[-2.6354094  -4.154607    6.6258907   0.22501096]]
t3-12.2.xlsx  3  2  [[-2.6702857  -3.7319467   6.141505    0.27424258]]
t3-12.2.xlsx  3  2  [[-2.7540228  -3.3155777   6.6961584  -0.80824184]]
t3-12.2.xlsx  3  2  [[-2.672689  -3.4496932  6.4076357 -0.3470862]]
t3-12.2.xlsx  3  2  [[-2.6288795  -3.8471444   6.5233946  -0.07594143]]
t3-12.2.xlsx  3  2  [[-2.7506793  -3.5370445   6.6730976  -0.49511433]]
t3-12.2.xlsx  3  2  [[-2.7064903  -4.247938    6.9480176   0.05217072]]
t3-12.2.xlsx  3  2  [[-2.6810129 -4.10258    7.0399327 -0.2908023]]
t3-12.2.xlsx  3  2  [[-2.82944    -3.6109738   6.945132   -0.64775836]]
t3-12.2.xlsx  3  2  [[-2.6889176  -3.276976    6.1465864  -0.30067486]]
t3-12.2.xlsx  3  2  [[-2.771575   -4.060936    7.0776763  -0.25303748]]
t3-12.2.xlsx  3  2  [[-2.760303   -3.603779    6.7465386  -0.46991813]]
t3-12.2.xlsx  3  2  [[-2.7073379  -3.7272873   7.113423   -0.79753524]]
t3-12.2.xlsx  3  2  [[-2.7129703  -3.326864    6.2374663  -0.30936342]]
t3-12.2.xlsx  3  2  [[-2.7972608 -3.014643   6.4843664 -0.8670539]]
t3-12.2.xlsx  3  2  [[-2.6949863 -3.4382734  6.4931455 -0.4736445]]
t3-12.2.xlsx  3  2  [[-2.642171   -4.2787094   6.8149257   0.20087512]]
t3-12.2.xlsx  3  2  [[-2.7925484 -3.1945214  7.0106187 -1.2901092]]
t3-12.2.xlsx  3  2  [[-2.7442508  -3.7786663   6.7431035  -0.24532062]]
t3-12.2.xlsx  3  2  [[-2.7086618  -3.8704703   6.6703215  -0.09891815]]
t3-12.2.xlsx  3  2  [[-2.710015   -3.539597    6.848852   -0.75198823]]
t3-12.2.xlsx  3  2  [[-2.708589  -3.9112482  6.6576805 -0.0504684]]
t3-12.2.xlsx  3  2  [[-2.7831383  -4.036409    7.043256   -0.23179948]]
t3-12.2.xlsx  3  2  [[-2.735132   -3.5711432   6.5053306  -0.27659994]]
t3-12.2.xlsx  3  2  [[-2.638539   -4.1252427   6.6250105   0.13288565]]
