t1-5.3.xlsx  1  0  [[ 5.482053  -1.5796313 -2.1034837 -1.374565 ]]
t1-5.3.xlsx  1  0  [[ 8.799935  -2.0659583 -2.6824713 -3.6124973]]
t1-5.3.xlsx  1  0  [[ 9.295852  -2.0909593 -2.7545896 -3.9990535]]
t1-5.3.xlsx  1  0  [[ 8.971733  -1.9976208 -2.6869545 -3.8537197]]
t1-5.3.xlsx  1  0  [[ 9.335652  -2.060854  -2.7021449 -4.1286864]]
t1-5.3.xlsx  1  0  [[ 8.682338  -2.0240684 -2.7291806 -3.4978304]]
t1-5.3.xlsx  1  0  [[ 8.743666  -2.0661523 -2.6487958 -3.5860424]]
t1-5.3.xlsx  1  0  [[ 8.725681  -1.9887165 -2.7019951 -3.604732 ]]
t1-5.3.xlsx  1  0  [[ 8.962556  -2.1070824 -2.7254198 -3.6831894]]
t1-5.3.xlsx  1  0  [[ 8.763912  -2.0439644 -2.6943886 -3.58645  ]]
t1-5.3.xlsx  1  0  [[ 8.947039  -1.9966345 -2.7457387 -3.7722096]]
t1-5.3.xlsx  1  0  [[ 8.988388  -2.0376232 -2.7278557 -3.7879848]]
t1-5.3.xlsx  1  0  [[ 8.817874  -2.077866  -2.7410402 -3.556857 ]]
t1-5.3.xlsx  1  0  [[ 8.70127   -2.0898485 -2.7384138 -3.4381394]]
t1-5.3.xlsx  1  0  [[ 9.217112  -1.9708942 -2.6616313 -4.14934  ]]
t1-5.3.xlsx  1  0  [[ 8.938406  -2.0201871 -2.7842748 -3.699204 ]]
t1-5.3.xlsx  1  0  [[ 9.369469  -2.011216  -2.7589989 -4.1680074]]
t1-5.3.xlsx  1  0  [[ 9.173013  -2.0414002 -2.742342  -3.9496484]]
t1-5.3.xlsx  1  0  [[ 9.120911  -2.0479505 -2.7561333 -3.8826118]]
t1-5.3.xlsx  1  0  [[ 9.051465  -2.0445876 -2.7050183 -3.8582363]]
t1-5.3.xlsx  1  0  [[ 8.93934   -2.099045  -2.7275622 -3.6710792]]
t1-5.3.xlsx  1  0  [[ 9.136416  -2.0159614 -2.6852405 -3.9964237]]
t1-5.3.xlsx  1  0  [[ 9.020699  -2.02801   -2.6961062 -3.8583393]]
t1-5.3.xlsx  1  0  [[ 8.686197  -2.0343382 -2.7405791 -3.4757924]]
t1-5.3.xlsx  1  0  [[ 8.649479  -1.9733661 -2.774442  -3.4757376]]
t1-5.3.xlsx  1  0  [[ 8.665206  -2.1248932 -2.6944919 -3.3952937]]
t1-5.3.xlsx  1  0  [[ 9.085795  -1.975854  -2.6824155 -3.9912977]]
t1-5.3.xlsx  1  0  [[ 9.316077  -2.0597754 -2.7311735 -4.08042  ]]
t1-5.3.xlsx  1  0  [[ 8.517967  -2.0601766 -2.758232  -3.2667222]]
t1-5.3.xlsx  1  0  [[ 9.419812  -2.048925  -2.7316    -4.1937337]]
t1-5.3.xlsx  1  0  [[ 8.861291  -2.0173168 -2.7582781 -3.6552472]]
t1-5.3.xlsx  1  0  [[ 8.876211  -2.0260627 -2.708746  -3.7064142]]
t1-5.3.xlsx  1  0  [[ 8.681476  -2.0169508 -2.7305386 -3.502977 ]]
t1-5.3.xlsx  1  0  [[ 8.835707  -2.072829  -2.688849  -3.6300125]]
t1-5.3.xlsx  1  0  [[ 8.721972  -2.0631318 -2.7422876 -3.4768648]]
t1-5.3.xlsx  1  0  [[ 9.0421715 -2.0379987 -2.7190826 -3.8470926]]
t1-5.3.xlsx  1  0  [[ 9.019308  -2.0062988 -2.6851144 -3.8906407]]
t1-5.3.xlsx  1  0  [[ 9.025737  -2.0225441 -2.6871846 -3.87462  ]]
t1-5.3.xlsx  1  0  [[ 9.358762  -2.0360203 -2.7174625 -4.161316 ]]
t1-5.3.xlsx  1  0  [[ 9.299528  -2.0348003 -2.699066  -4.128974 ]]
t1-5.3.xlsx  1  0  [[ 9.151828  -2.033163  -2.80597   -3.8748288]]
t1-5.3.xlsx  1  0  [[ 8.703572  -2.0814736 -2.7473216 -3.4402175]]
t1-5.3.xlsx  1  0  [[ 8.98097   -1.9710205 -2.635962  -3.9411426]]
t1-5.3.xlsx  1  0  [[ 9.033719  -2.0235276 -2.8352985 -3.7480755]]
t1-5.3.xlsx  1  0  [[ 8.741744  -1.9719291 -2.6896353 -3.644156 ]]
t1-5.3.xlsx  1  0  [[ 8.73409   -2.0467534 -2.713474  -3.531229 ]]
t1-5.3.xlsx  1  0  [[ 9.216694  -2.0361433 -2.7322369 -4.011469 ]]
t1-5.3.xlsx  1  0  [[ 9.232997  -2.0606663 -2.7474897 -3.9797444]]
t1-5.3.xlsx  1  0  [[ 9.227178  -2.0498724 -2.7141418 -4.0254827]]
t1-5.3.xlsx  1  0  [[ 8.877863  -1.976579  -2.7467332 -3.7257662]]
t1-5.3.xlsx  1  0  [[ 8.816889  -2.0238144 -2.7055545 -3.6520948]]
t1-5.3.xlsx  1  0  [[ 8.887531  -2.0960922 -2.702688  -3.6364446]]
t1-5.3.xlsx  1  0  [[ 9.039316  -2.0670638 -2.7116446 -3.812973 ]]
t1-5.3.xlsx  1  0  [[ 8.911436  -2.046933  -2.7015212 -3.7268972]]
t1-5.3.xlsx  1  0  [[ 9.053402  -1.9793537 -2.692027  -3.9515362]]
t1-5.3.xlsx  1  0  [[ 8.682465  -2.0609508 -2.6911259 -3.4890451]]
t1-5.3.xlsx  1  0  [[ 8.833572  -1.9566121 -2.7787747 -3.6717043]]
t1-5.3.xlsx  1  0  [[ 8.884448  -1.9575672 -2.7330947 -3.768569 ]]
t1-5.3.xlsx  1  0  [[ 9.051587  -2.035927  -2.6882727 -3.8861427]]
t1-5.3.xlsx  1  0  [[ 9.23723   -2.1195965 -2.7760391 -3.8924165]]
t1-5.3.xlsx  1  0  [[ 8.91632   -1.9927878 -2.724833  -3.7638535]]
t1-5.3.xlsx  1  0  [[ 8.977901  -2.0133743 -2.7384617 -3.7914753]]
t1-5.3.xlsx  1  0  [[ 9.518432  -1.9970756 -2.6991856 -4.38474  ]]
t1-5.3.xlsx  1  0  [[ 8.923934  -1.9899123 -2.6938772 -3.8073092]]
t1-5.3.xlsx  1  0  [[ 8.654891  -2.0787044 -2.7318084 -3.401269 ]]
t1-5.3.xlsx  1  0  [[ 8.671716  -2.0281892 -2.7258496 -3.485546 ]]
t1-5.3.xlsx  1  0  [[ 8.783941  -2.0143409 -2.7179475 -3.6190786]]
t1-5.3.xlsx  1  0  [[ 9.003635  -2.0386531 -2.7132266 -3.8097749]]
t1-5.3.xlsx  1  0  [[ 8.883176  -2.0884793 -2.751337  -3.5947976]]
t1-5.3.xlsx  1  0  [[ 9.164179  -2.00787   -2.7135608 -4.0066776]]
t1-5.3.xlsx  1  0  [[ 9.011838  -2.033967  -2.7088246 -3.8269777]]
t1-5.3.xlsx  1  0  [[ 9.207338  -1.9937782 -2.6895854 -4.090287 ]]
t1-5.3.xlsx  1  0  [[ 9.27501   -1.9896146 -2.706194  -4.147736 ]]
t1-5.3.xlsx  1  0  [[ 9.272504  -1.998584  -2.7338943 -4.1117215]]
t1-5.3.xlsx  1  0  [[ 8.786594  -2.0849972 -2.6822484 -3.575508 ]]
t1-5.3.xlsx  1  0  [[ 8.501903  -2.034577  -2.6889327 -3.3471618]]
t1-5.3.xlsx  1  0  [[ 9.130607  -1.9570428 -2.7114613 -4.032764 ]]
t1-5.3.xlsx  1  0  [[ 8.981087  -1.9777881 -2.684524  -3.8888597]]
t1-5.3.xlsx  1  0  [[ 8.677144  -2.1019034 -2.7519531 -3.3849173]]
t1-5.3.xlsx  1  0  [[ 8.698892  -2.0067492 -2.680836  -3.5709763]]
t1-5.3.xlsx  1  0  [[ 9.316822  -1.9766729 -2.7296033 -4.1800213]]
t1-5.3.xlsx  1  0  [[ 9.208119  -2.1017582 -2.729673  -3.9238353]]
t1-5.3.xlsx  1  0  [[ 9.033699  -2.1236258 -2.7251186 -3.736734 ]]
t1-5.3.xlsx  1  0  [[ 8.8947735 -2.0957043 -2.7403274 -3.6196012]]
t1-5.3.xlsx  1  0  [[ 9.049623  -2.057603  -2.716403  -3.8321161]]
t1-5.3.xlsx  1  0  [[ 9.19073   -2.0248544 -2.7195737 -4.0077615]]
t1-5.3.xlsx  1  0  [[ 8.6086645 -2.0524144 -2.7867117 -3.34067  ]]
t1-5.3.xlsx  1  0  [[ 8.662607  -2.035525  -2.7145803 -3.4770002]]
t1-5.3.xlsx  1  0  [[ 8.921019  -2.0587654 -2.678946  -3.7390943]]
t1-5.3.xlsx  1  0  [[ 9.040482  -2.1336224 -2.7521741 -3.704585 ]]
t1-5.3.xlsx  1  0  [[ 8.64256   -2.0964417 -2.8024397 -3.3006296]]
t1-5.3.xlsx  1  0  [[ 9.266582  -2.1156368 -2.749671  -3.9505634]]
t1-5.3.xlsx  1  0  [[ 8.90377   -2.0633953 -2.6966321 -3.7000637]]
t1-5.3.xlsx  1  0  [[ 9.022361  -2.081529  -2.7325783 -3.7654815]]
t1-5.3.xlsx  1  0  [[ 8.661811  -2.0730782 -2.7363193 -3.4112144]]
t1-5.3.xlsx  1  0  [[ 9.157333  -2.0742218 -2.7201562 -3.9177036]]
t1-5.3.xlsx  1  0  [[ 8.742054  -1.9711888 -2.7062101 -3.6365542]]
t1-5.3.xlsx  1  0  [[ 9.217276  -1.9870828 -2.7017224 -4.0970206]]
t1-5.3.xlsx  1  0  [[ 9.289011  -1.9592067 -2.6814425 -4.2222466]]
t1-5.3.xlsx  1  0  [[ 8.673838  -2.0100543 -2.8367243 -3.4037251]]
