t4-1.5.xlsx  4  3  [[-1.4764681 -1.453216  -1.6953257  5.2278986]]
t4-1.5.xlsx  4  3  [[ 2.2351472 -2.3806853 -2.6580658  3.4051027]]
t4-1.5.xlsx  4  3  [[ 1.94942   -2.2798984 -2.6991909  3.6214905]]
t4-1.5.xlsx  4  3  [[ 2.0494053 -2.2532225 -2.747152   3.5391803]]
t4-1.5.xlsx  4  3  [[ 1.8104954 -2.2220454 -2.689291   3.6773028]]
t4-1.5.xlsx  4  3  [[ 1.8941083 -2.254571  -2.6467764  3.596415 ]]
t4-1.5.xlsx  4  3  [[ 2.2008345 -2.3256555 -2.6693952  3.3832822]]
t4-1.5.xlsx  4  3  [[ 1.88341   -2.2209442 -2.728108   3.651484 ]]
t4-1.5.xlsx  4  3  [[ 2.2128284 -2.298363  -2.603648   3.280147 ]]
t4-1.5.xlsx  4  3  [[ 1.9379406 -2.2827418 -2.6893342  3.626357 ]]
t4-1.5.xlsx  4  3  [[ 1.6827528 -2.2666423 -2.605784   3.7734451]]
t4-1.5.xlsx  4  3  [[ 1.7599287 -2.3239532 -2.6096401  3.76262  ]]
t4-1.5.xlsx  4  3  [[ 1.8499317 -2.3550024 -2.6780117  3.7798305]]
t4-1.5.xlsx  4  3  [[ 1.877757  -2.2586849 -2.6957536  3.6593223]]
t4-1.5.xlsx  4  3  [[ 1.8386164 -2.3449492 -2.6809185  3.7807546]]
t4-1.5.xlsx  4  3  [[ 2.008746  -2.1897027 -2.6536822  3.4131908]]
t4-1.5.xlsx  4  3  [[ 1.9791675 -2.1830258 -2.6878436  3.4749885]]
t4-1.5.xlsx  4  3  [[ 1.9751143 -2.254443  -2.6981704  3.5675893]]
t4-1.5.xlsx  4  3  [[ 1.9341793 -2.3145118 -2.647344   3.6205702]]
t4-1.5.xlsx  4  3  [[ 1.8064212 -2.3377776 -2.677981   3.801053 ]]
t4-1.5.xlsx  4  3  [[ 2.215694  -2.2144275 -2.7048833  3.2863994]]
t4-1.5.xlsx  4  3  [[ 1.7782876 -2.2735126 -2.743273   3.8245025]]
t4-1.5.xlsx  4  3  [[ 1.8377877 -2.2823184 -2.646505   3.683794 ]]
t4-1.5.xlsx  4  3  [[ 2.1314652 -2.2873833 -2.6042976  3.3531532]]
t4-1.5.xlsx  4  3  [[ 2.1129446 -2.2587228 -2.6938624  3.4281192]]
t4-1.5.xlsx  4  3  [[ 1.9797883 -2.2548747 -2.6371918  3.4976473]]
t4-1.5.xlsx  4  3  [[ 2.0327253 -2.2615337 -2.720008   3.5303493]]
t4-1.5.xlsx  4  3  [[ 2.1168659 -2.236515  -2.684198   3.3904715]]
t4-1.5.xlsx  4  3  [[ 2.0237236 -2.2324913 -2.6582696  3.4478827]]
t4-1.5.xlsx  4  3  [[ 1.9771011 -2.2755537 -2.6533518  3.542182 ]]
t4-1.5.xlsx  4  3  [[ 2.331223  -2.175005  -2.7011151  3.1300678]]
t4-1.5.xlsx  4  3  [[ 2.0780249 -2.2822318 -2.7277746  3.5227256]]
t4-1.5.xlsx  4  3  [[ 2.0585277 -2.292989  -2.7308693  3.5563369]]
t4-1.5.xlsx  4  3  [[ 1.9331865 -2.2957394 -2.6599443  3.6135187]]
t4-1.5.xlsx  4  3  [[ 1.8439082 -2.334646  -2.6195853  3.703423 ]]
t4-1.5.xlsx  4  3  [[ 2.0925958 -2.288464  -2.7412803  3.5349126]]
t4-1.5.xlsx  4  3  [[ 1.9315839 -2.2952523 -2.6489525  3.5957808]]
t4-1.5.xlsx  4  3  [[ 1.9158392 -2.2426572 -2.6606803  3.5742035]]
t4-1.5.xlsx  4  3  [[ 2.074093  -2.2960682 -2.6193604  3.429016 ]]
t4-1.5.xlsx  4  3  [[ 2.0356395 -2.2052379 -2.6477423  3.3995385]]
t4-1.5.xlsx  4  3  [[ 2.3751824 -2.2841637 -2.6855288  3.18194  ]]
t4-1.5.xlsx  4  3  [[ 1.7851629 -2.2532053 -2.7327151  3.7876267]]
t4-1.5.xlsx  4  3  [[ 2.025943  -2.2927842 -2.6655428  3.5238705]]
t4-1.5.xlsx  4  3  [[ 2.0734499 -2.2357676 -2.7242618  3.4764004]]
t4-1.5.xlsx  4  3  [[ 2.2406743 -2.232745  -2.6644528  3.2421165]]
t4-1.5.xlsx  4  3  [[ 2.2102778 -2.2614014 -2.6479087  3.2909498]]
t4-1.5.xlsx  4  3  [[ 1.9619799 -2.2663949 -2.7008338  3.5864205]]
t4-1.5.xlsx  4  3  [[ 2.3043408 -2.2547932 -2.7222347  3.262084 ]]
t4-1.5.xlsx  4  3  [[ 1.9821432 -2.278128  -2.6939387  3.5769582]]
t4-1.5.xlsx  4  3  [[ 2.0655344 -2.302184  -2.6269143  3.462079 ]]
t4-1.5.xlsx  4  3  [[ 2.0904257 -2.1931682 -2.6585526  3.3489351]]
t4-1.5.xlsx  4  3  [[ 1.9377539 -2.2268162 -2.6966002  3.570745 ]]
t4-1.5.xlsx  4  3  [[ 1.7256488 -2.2786787 -2.7295842  3.8686342]]
t4-1.5.xlsx  4  3  [[ 1.9175837 -2.2084198 -2.682252   3.5588312]]
t4-1.5.xlsx  4  3  [[ 2.0209718 -2.2845953 -2.6756456  3.5295324]]
t4-1.5.xlsx  4  3  [[ 2.1210225 -2.285301  -2.6830716  3.4445472]]
t4-1.5.xlsx  4  3  [[ 1.9300187 -2.2754686 -2.733558   3.6696682]]
t4-1.5.xlsx  4  3  [[ 2.318015  -2.240072  -2.6968741  3.2102323]]
t4-1.5.xlsx  4  3  [[ 1.894369  -2.2937481 -2.6776276  3.6729035]]
t4-1.5.xlsx  4  3  [[ 1.6780481 -2.2534997 -2.7090404  3.871179 ]]
t4-1.5.xlsx  4  3  [[ 1.9797168 -2.2437408 -2.6111388  3.4621692]]
t4-1.5.xlsx  4  3  [[ 1.8972987 -2.2159822 -2.6502318  3.5536613]]
t4-1.5.xlsx  4  3  [[ 1.7693275 -2.1534016 -2.6824393  3.6405764]]
t4-1.5.xlsx  4  3  [[ 1.9001728 -2.282455  -2.6874576  3.661038 ]]
t4-1.5.xlsx  4  3  [[ 1.8743664 -2.2308457 -2.6380093  3.5753746]]
t4-1.5.xlsx  4  3  [[ 1.9810293 -2.1958156 -2.689611   3.4913783]]
t4-1.5.xlsx  4  3  [[ 1.9807866 -2.262042  -2.6488755  3.5182176]]
t4-1.5.xlsx  4  3  [[ 2.0740995 -2.304729  -2.7435558  3.5760074]]
t4-1.5.xlsx  4  3  [[ 2.2524052 -2.185549  -2.6973686  3.213406 ]]
t4-1.5.xlsx  4  3  [[ 1.8639287 -2.1909404 -2.7083414  3.618195 ]]
t4-1.5.xlsx  4  3  [[ 1.9653952 -2.2449841 -2.708349   3.5769749]]
t4-1.5.xlsx  4  3  [[ 2.0577354 -2.1695876 -2.6003337  3.2854214]]
t4-1.5.xlsx  4  3  [[ 1.6740885 -2.2582304 -2.7079182  3.8758764]]
t4-1.5.xlsx  4  3  [[ 1.9688268 -2.1945431 -2.6622052  3.476315 ]]
t4-1.5.xlsx  4  3  [[ 1.9732418 -2.178649  -2.6548321  3.439259 ]]
t4-1.5.xlsx  4  3  [[ 1.9896753 -2.249524  -2.6604657  3.5102324]]
t4-1.5.xlsx  4  3  [[ 1.6558625 -2.2530408 -2.7480452  3.9300342]]
t4-1.5.xlsx  4  3  [[ 1.6384861 -2.267413  -2.7853174  4.00678  ]]
t4-1.5.xlsx  4  3  [[ 1.8971622 -2.249803  -2.6365576  3.5795908]]
t4-1.5.xlsx  4  3  [[ 1.8763868 -2.249647  -2.671433   3.6268706]]
t4-1.5.xlsx  4  3  [[ 1.9969592 -2.227525  -2.6194198  3.4345827]]
t4-1.5.xlsx  4  3  [[ 1.7667319 -2.3060734 -2.6338072  3.7613816]]
t4-1.5.xlsx  4  3  [[ 1.896433  -2.3049912 -2.740169   3.7420564]]
t4-1.5.xlsx  4  3  [[ 1.8639672 -2.2591767 -2.66272    3.6425142]]
t4-1.5.xlsx  4  3  [[ 2.4611142 -2.193401  -2.6775484  2.9906144]]
t4-1.5.xlsx  4  3  [[ 2.0759711 -2.2435603 -2.6449814  3.3962831]]
t4-1.5.xlsx  4  3  [[ 1.8129503 -2.2399073 -2.6712894  3.68117  ]]
t4-1.5.xlsx  4  3  [[ 2.0069175 -2.3454654 -2.7551186  3.6979084]]
t4-1.5.xlsx  4  3  [[ 2.0933604 -2.1770573 -2.764405   3.4252825]]
t4-1.5.xlsx  4  3  [[ 1.4548665 -2.401199  -2.7453809  4.2942834]]
t4-1.5.xlsx  4  3  [[ 1.9988732 -2.2520685 -2.6225607  3.45858  ]]
t4-1.5.xlsx  4  3  [[ 2.1927402 -2.1955118 -2.7317228  3.3146439]]
t4-1.5.xlsx  4  3  [[ 1.6749076 -2.2633703 -2.6669705  3.8384404]]
t4-1.5.xlsx  4  3  [[ 1.8091245 -2.2371423 -2.6461086  3.6616554]]
t4-1.5.xlsx  4  3  [[ 1.8599577 -2.2630177 -2.7014155  3.6895113]]
t4-1.5.xlsx  4  3  [[ 2.0228844 -2.2941058 -2.676267   3.5376053]]
t4-1.5.xlsx  4  3  [[ 1.9465644 -2.2885065 -2.6631744  3.5979075]]
t4-1.5.xlsx  4  3  [[ 1.8091023 -2.369171  -2.6648717  3.8268871]]
t4-1.5.xlsx  4  3  [[ 2.4671288 -2.1881053 -2.6527667  2.9556618]]
t4-1.5.xlsx  4  3  [[ 1.6778923 -2.249164  -2.6871934  3.8419743]]
t4-1.5.xlsx  4  3  [[-1.4764681 -1.453216  -1.6953257  5.2278986]]
t4-1.5.xlsx  4  3  [[ 2.2351472 -2.3806853 -2.6580658  3.4051027]]
t4-1.5.xlsx  4  3  [[ 1.94942   -2.2798984 -2.6991909  3.6214905]]
t4-1.5.xlsx  4  3  [[ 2.0494053 -2.2532225 -2.747152   3.5391803]]
t4-1.5.xlsx  4  3  [[ 1.8104954 -2.2220454 -2.689291   3.6773028]]
t4-1.5.xlsx  4  3  [[ 1.8941083 -2.254571  -2.6467764  3.596415 ]]
t4-1.5.xlsx  4  3  [[ 2.2008345 -2.3256555 -2.6693952  3.3832822]]
t4-1.5.xlsx  4  3  [[ 1.88341   -2.2209442 -2.728108   3.651484 ]]
t4-1.5.xlsx  4  3  [[ 2.2128284 -2.298363  -2.603648   3.280147 ]]
t4-1.5.xlsx  4  3  [[ 1.9379406 -2.2827418 -2.6893342  3.626357 ]]
t4-1.5.xlsx  4  3  [[ 1.6827528 -2.2666423 -2.605784   3.7734451]]
t4-1.5.xlsx  4  3  [[ 1.7599287 -2.3239532 -2.6096401  3.76262  ]]
t4-1.5.xlsx  4  3  [[ 1.8499317 -2.3550024 -2.6780117  3.7798305]]
t4-1.5.xlsx  4  3  [[ 1.877757  -2.2586849 -2.6957536  3.6593223]]
t4-1.5.xlsx  4  3  [[ 1.8386164 -2.3449492 -2.6809185  3.7807546]]
t4-1.5.xlsx  4  3  [[ 2.008746  -2.1897027 -2.6536822  3.4131908]]
t4-1.5.xlsx  4  3  [[ 1.9791675 -2.1830258 -2.6878436  3.4749885]]
t4-1.5.xlsx  4  3  [[ 1.9751143 -2.254443  -2.6981704  3.5675893]]
t4-1.5.xlsx  4  3  [[ 1.9341793 -2.3145118 -2.647344   3.6205702]]
t4-1.5.xlsx  4  3  [[ 1.8064212 -2.3377776 -2.677981   3.801053 ]]
t4-1.5.xlsx  4  3  [[ 2.215694  -2.2144275 -2.7048833  3.2863994]]
t4-1.5.xlsx  4  3  [[ 1.7782876 -2.2735126 -2.743273   3.8245025]]
t4-1.5.xlsx  4  3  [[ 1.8377877 -2.2823184 -2.646505   3.683794 ]]
t4-1.5.xlsx  4  3  [[ 2.1314652 -2.2873833 -2.6042976  3.3531532]]
t4-1.5.xlsx  4  3  [[ 2.1129446 -2.2587228 -2.6938624  3.4281192]]
t4-1.5.xlsx  4  3  [[ 1.9797883 -2.2548747 -2.6371918  3.4976473]]
t4-1.5.xlsx  4  3  [[ 2.0327253 -2.2615337 -2.720008   3.5303493]]
t4-1.5.xlsx  4  3  [[ 2.1168659 -2.236515  -2.684198   3.3904715]]
t4-1.5.xlsx  4  3  [[ 2.0237236 -2.2324913 -2.6582696  3.4478827]]
t4-1.5.xlsx  4  3  [[ 1.9771011 -2.2755537 -2.6533518  3.542182 ]]
t4-1.5.xlsx  4  3  [[ 2.331223  -2.175005  -2.7011151  3.1300678]]
t4-1.5.xlsx  4  3  [[ 2.0780249 -2.2822318 -2.7277746  3.5227256]]
t4-1.5.xlsx  4  3  [[ 2.0585277 -2.292989  -2.7308693  3.5563369]]
t4-1.5.xlsx  4  3  [[ 1.9331865 -2.2957394 -2.6599443  3.6135187]]
t4-1.5.xlsx  4  3  [[ 1.8439082 -2.334646  -2.6195853  3.703423 ]]
t4-1.5.xlsx  4  3  [[ 2.0925958 -2.288464  -2.7412803  3.5349126]]
t4-1.5.xlsx  4  3  [[ 1.9315839 -2.2952523 -2.6489525  3.5957808]]
t4-1.5.xlsx  4  3  [[ 1.9158392 -2.2426572 -2.6606803  3.5742035]]
t4-1.5.xlsx  4  3  [[ 2.074093  -2.2960682 -2.6193604  3.429016 ]]
t4-1.5.xlsx  4  3  [[ 2.0356395 -2.2052379 -2.6477423  3.3995385]]
t4-1.5.xlsx  4  3  [[ 2.3751824 -2.2841637 -2.6855288  3.18194  ]]
t4-1.5.xlsx  4  3  [[ 1.7851629 -2.2532053 -2.7327151  3.7876267]]
t4-1.5.xlsx  4  3  [[ 2.025943  -2.2927842 -2.6655428  3.5238705]]
t4-1.5.xlsx  4  3  [[ 2.0734499 -2.2357676 -2.7242618  3.4764004]]
t4-1.5.xlsx  4  3  [[ 2.2406743 -2.232745  -2.6644528  3.2421165]]
t4-1.5.xlsx  4  3  [[ 2.2102778 -2.2614014 -2.6479087  3.2909498]]
t4-1.5.xlsx  4  3  [[ 1.9619799 -2.2663949 -2.7008338  3.5864205]]
t4-1.5.xlsx  4  3  [[ 2.3043408 -2.2547932 -2.7222347  3.262084 ]]
t4-1.5.xlsx  4  3  [[ 1.9821432 -2.278128  -2.6939387  3.5769582]]
t4-1.5.xlsx  4  3  [[ 2.0655344 -2.302184  -2.6269143  3.462079 ]]
t4-1.5.xlsx  4  3  [[ 2.0904257 -2.1931682 -2.6585526  3.3489351]]
t4-1.5.xlsx  4  3  [[ 1.9377539 -2.2268162 -2.6966002  3.570745 ]]
t4-1.5.xlsx  4  3  [[ 1.7256488 -2.2786787 -2.7295842  3.8686342]]
t4-1.5.xlsx  4  3  [[ 1.9175837 -2.2084198 -2.682252   3.5588312]]
t4-1.5.xlsx  4  3  [[ 2.0209718 -2.2845953 -2.6756456  3.5295324]]
t4-1.5.xlsx  4  3  [[ 2.1210225 -2.285301  -2.6830716  3.4445472]]
t4-1.5.xlsx  4  3  [[ 1.9300187 -2.2754686 -2.733558   3.6696682]]
t4-1.5.xlsx  4  3  [[ 2.318015  -2.240072  -2.6968741  3.2102323]]
t4-1.5.xlsx  4  3  [[ 1.894369  -2.2937481 -2.6776276  3.6729035]]
t4-1.5.xlsx  4  3  [[ 1.6780481 -2.2534997 -2.7090404  3.871179 ]]
t4-1.5.xlsx  4  3  [[ 1.9797168 -2.2437408 -2.6111388  3.4621692]]
t4-1.5.xlsx  4  3  [[ 1.8972987 -2.2159822 -2.6502318  3.5536613]]
t4-1.5.xlsx  4  3  [[ 1.7693275 -2.1534016 -2.6824393  3.6405764]]
t4-1.5.xlsx  4  3  [[ 1.9001728 -2.282455  -2.6874576  3.661038 ]]
t4-1.5.xlsx  4  3  [[ 1.8743664 -2.2308457 -2.6380093  3.5753746]]
t4-1.5.xlsx  4  3  [[ 1.9810293 -2.1958156 -2.689611   3.4913783]]
t4-1.5.xlsx  4  3  [[ 1.9807866 -2.262042  -2.6488755  3.5182176]]
t4-1.5.xlsx  4  3  [[ 2.0740995 -2.304729  -2.7435558  3.5760074]]
t4-1.5.xlsx  4  3  [[ 2.2524052 -2.185549  -2.6973686  3.213406 ]]
t4-1.5.xlsx  4  3  [[ 1.8639287 -2.1909404 -2.7083414  3.618195 ]]
t4-1.5.xlsx  4  3  [[ 1.9653952 -2.2449841 -2.708349   3.5769749]]
t4-1.5.xlsx  4  3  [[ 2.0577354 -2.1695876 -2.6003337  3.2854214]]
t4-1.5.xlsx  4  3  [[ 1.6740885 -2.2582304 -2.7079182  3.8758764]]
t4-1.5.xlsx  4  3  [[ 1.9688268 -2.1945431 -2.6622052  3.476315 ]]
t4-1.5.xlsx  4  3  [[ 1.9732418 -2.178649  -2.6548321  3.439259 ]]
t4-1.5.xlsx  4  3  [[ 1.9896753 -2.249524  -2.6604657  3.5102324]]
t4-1.5.xlsx  4  3  [[ 1.6558625 -2.2530408 -2.7480452  3.9300342]]
t4-1.5.xlsx  4  3  [[ 1.6384861 -2.267413  -2.7853174  4.00678  ]]
t4-1.5.xlsx  4  3  [[ 1.8971622 -2.249803  -2.6365576  3.5795908]]
t4-1.5.xlsx  4  3  [[ 1.8763868 -2.249647  -2.671433   3.6268706]]
t4-1.5.xlsx  4  3  [[ 1.9969592 -2.227525  -2.6194198  3.4345827]]
t4-1.5.xlsx  4  3  [[ 1.7667319 -2.3060734 -2.6338072  3.7613816]]
t4-1.5.xlsx  4  3  [[ 1.896433  -2.3049912 -2.740169   3.7420564]]
t4-1.5.xlsx  4  3  [[ 1.8639672 -2.2591767 -2.66272    3.6425142]]
t4-1.5.xlsx  4  3  [[ 2.4611142 -2.193401  -2.6775484  2.9906144]]
t4-1.5.xlsx  4  3  [[ 2.0759711 -2.2435603 -2.6449814  3.3962831]]
t4-1.5.xlsx  4  3  [[ 1.8129503 -2.2399073 -2.6712894  3.68117  ]]
t4-1.5.xlsx  4  3  [[ 2.0069175 -2.3454654 -2.7551186  3.6979084]]
t4-1.5.xlsx  4  3  [[ 2.0933604 -2.1770573 -2.764405   3.4252825]]
t4-1.5.xlsx  4  3  [[ 1.4548665 -2.401199  -2.7453809  4.2942834]]
t4-1.5.xlsx  4  3  [[ 1.9988732 -2.2520685 -2.6225607  3.45858  ]]
t4-1.5.xlsx  4  3  [[ 2.1927402 -2.1955118 -2.7317228  3.3146439]]
t4-1.5.xlsx  4  3  [[ 1.6749076 -2.2633703 -2.6669705  3.8384404]]
t4-1.5.xlsx  4  3  [[ 1.8091245 -2.2371423 -2.6461086  3.6616554]]
t4-1.5.xlsx  4  3  [[ 1.8599577 -2.2630177 -2.7014155  3.6895113]]
t4-1.5.xlsx  4  3  [[ 2.0228844 -2.2941058 -2.676267   3.5376053]]
t4-1.5.xlsx  4  3  [[ 1.9465644 -2.2885065 -2.6631744  3.5979075]]
t4-1.5.xlsx  4  3  [[ 1.8091023 -2.369171  -2.6648717  3.8268871]]
t4-1.5.xlsx  4  3  [[ 2.4671288 -2.1881053 -2.6527667  2.9556618]]
t4-1.5.xlsx  4  3  [[ 1.6778923 -2.249164  -2.6871934  3.8419743]]
