t2-6.3.xlsx  2  1  [[-4.2551384  7.344014   2.7084148 -7.6913147]]
t2-6.3.xlsx  2  1  [[-3.5434566  6.9637876 -1.2294699 -3.4714775]]
t2-6.3.xlsx  2  1  [[-3.6527007  7.9551845 -1.7015798 -4.0958667]]
t2-6.3.xlsx  2  1  [[-3.8001442  8.152301  -1.1424294 -4.810315 ]]
t2-6.3.xlsx  2  1  [[-3.7264516  8.1623745 -1.4048923 -4.606284 ]]
t2-6.3.xlsx  2  1  [[-3.7472723  8.382075  -1.5436871 -4.708795 ]]
t2-6.3.xlsx  2  1  [[-3.6521106   7.5158477  -0.89463294 -4.47245   ]]
t2-6.3.xlsx  2  1  [[-3.6342838  7.7737775 -1.3816984 -4.230673 ]]
t2-6.3.xlsx  2  1  [[-3.7306697  7.44903   -0.7665751 -4.423396 ]]
t2-6.3.xlsx  2  1  [[-3.7727544  7.501218  -0.5768229 -4.663519 ]]
t2-6.3.xlsx  2  1  [[-3.7041643   7.7190876  -0.94323254 -4.5897603 ]]
t2-6.3.xlsx  2  1  [[-3.6724467   7.4390893  -0.84948426 -4.38999   ]]
t2-6.3.xlsx  2  1  [[-3.7202141  7.7982516 -0.88833   -4.756118 ]]
t2-6.3.xlsx  2  1  [[-3.6902556   7.4783273  -0.48621657 -4.848404  ]]
t2-6.3.xlsx  2  1  [[-3.6764092   7.423471   -0.80553484 -4.3921523 ]]
t2-6.3.xlsx  2  1  [[-3.7075882  8.119765  -1.3585327 -4.629237 ]]
t2-6.3.xlsx  2  1  [[-3.857598    7.4175267  -0.25160897 -4.819429  ]]
t2-6.3.xlsx  2  1  [[-3.6607866   7.1617055  -0.76366156 -4.1625004 ]]
t2-6.3.xlsx  2  1  [[-3.6394763  7.562074  -1.1547575 -4.2433977]]
t2-6.3.xlsx  2  1  [[-3.6165168  7.2461185 -1.335007  -3.6172028]]
t2-6.3.xlsx  2  1  [[-3.7363846  8.55007   -1.6185601 -4.8534975]]
t2-6.3.xlsx  2  1  [[-3.6386888  7.296812  -0.8000999 -4.293085 ]]
t2-6.3.xlsx  2  1  [[-3.6038911  7.287728  -1.1209726 -3.9824095]]
t2-6.3.xlsx  2  1  [[-3.8174617  7.8529315 -0.5740548 -5.0567484]]
t2-6.3.xlsx  2  1  [[-3.653577    7.3805056  -0.77462256 -4.4799066 ]]
t2-6.3.xlsx  2  1  [[-3.7435308  7.98607   -1.3494304 -4.4065676]]
t2-6.3.xlsx  2  1  [[-3.6682937  7.1758275 -0.7179907 -4.193729 ]]
t2-6.3.xlsx  2  1  [[-3.6055534  7.6725626 -1.6187141 -3.8591404]]
t2-6.3.xlsx  2  1  [[-3.7263021  8.313219  -1.3542457 -4.8712606]]
t2-6.3.xlsx  2  1  [[-3.6646986  7.438104  -0.8669577 -4.356303 ]]
t2-6.3.xlsx  2  1  [[-3.6769626  7.9134045 -1.0809308 -4.723148 ]]
t2-6.3.xlsx  2  1  [[-3.6746612  7.1544495 -0.7511538 -4.1419854]]
t2-6.3.xlsx  2  1  [[-3.551135    6.82673    -0.86768746 -3.7543077 ]]
t2-6.3.xlsx  2  1  [[-3.6662333  7.6517453 -1.3064599 -4.107787 ]]
t2-6.3.xlsx  2  1  [[-3.5855594   6.785839   -0.35757676 -4.248828  ]]
t2-6.3.xlsx  2  1  [[-3.6119695  7.3414483 -1.2485048 -3.9144368]]
t2-6.3.xlsx  2  1  [[-3.661363   7.7764635 -1.4632815 -4.117718 ]]
t2-6.3.xlsx  2  1  [[-3.6592424  8.173077  -1.5676947 -4.536041 ]]
t2-6.3.xlsx  2  1  [[-3.6952052  7.358476  -1.190615  -3.812519 ]]
t2-6.3.xlsx  2  1  [[-3.6724715  8.15468   -1.5860609 -4.4508495]]
t2-6.3.xlsx  2  1  [[-3.7695708   7.6610694  -0.79499394 -4.613179  ]]
t2-6.3.xlsx  2  1  [[-3.6704195  7.3834987 -0.6217333 -4.5818624]]
t2-6.3.xlsx  2  1  [[-3.7196991   7.734262   -0.91719574 -4.649633  ]]
t2-6.3.xlsx  2  1  [[-3.6548595   7.114647   -0.66049194 -4.2309885 ]]
t2-6.3.xlsx  2  1  [[-3.7701168  8.278986  -1.5914326 -4.4873157]]
t2-6.3.xlsx  2  1  [[-3.711771   7.955753  -1.2100261 -4.578977 ]]
t2-6.3.xlsx  2  1  [[-3.6977143   7.716187   -0.78969353 -4.8013864 ]]
t2-6.3.xlsx  2  1  [[-3.7106307   7.76885    -0.81232125 -4.823323  ]]
t2-6.3.xlsx  2  1  [[-3.7436094  7.410544  -0.6949975 -4.486814 ]]
t2-6.3.xlsx  2  1  [[-3.7198956  7.971381  -1.0734173 -4.742341 ]]
t2-6.3.xlsx  2  1  [[-3.5996494  7.8095975 -1.7559398 -3.894112 ]]
t2-6.3.xlsx  2  1  [[-3.715314   7.581565  -1.2153128 -4.07576  ]]
t2-6.3.xlsx  2  1  [[-3.7519088  8.0286255 -1.0189883 -4.840907 ]]
t2-6.3.xlsx  2  1  [[-3.7208984  7.7407384 -1.2672669 -4.221124 ]]
t2-6.3.xlsx  2  1  [[-3.6307838  7.9711676 -1.3158343 -4.6078315]]
t2-6.3.xlsx  2  1  [[-3.6726635  7.5441236 -1.0859021 -4.251956 ]]
t2-6.3.xlsx  2  1  [[-3.6745486  7.501124  -1.0178202 -4.2505174]]
t2-6.3.xlsx  2  1  [[-3.7113483  8.250657  -1.5419868 -4.5694675]]
t2-6.3.xlsx  2  1  [[-3.709244   7.805509  -1.5779151 -3.928122 ]]
t2-6.3.xlsx  2  1  [[-3.6666205  7.788854  -1.0429783 -4.6260324]]
t2-6.3.xlsx  2  1  [[-3.7318234  7.4043317 -0.6749478 -4.445331 ]]
t2-6.3.xlsx  2  1  [[-3.6755896  7.9257455 -1.2292844 -4.5618296]]
t2-6.3.xlsx  2  1  [[-3.724603   7.8975344 -1.4336032 -4.2017894]]
t2-6.3.xlsx  2  1  [[-3.6849463  7.926506  -1.21127   -4.566595 ]]
t2-6.3.xlsx  2  1  [[-3.628494   7.9822974 -1.5813497 -4.28785  ]]
t2-6.3.xlsx  2  1  [[-3.6843967  7.8761444 -1.2429452 -4.4801345]]
t2-6.3.xlsx  2  1  [[-3.7149734  7.5004067 -0.8353928 -4.420193 ]]
t2-6.3.xlsx  2  1  [[-3.7222435  8.569303  -1.6028482 -4.8995724]]
t2-6.3.xlsx  2  1  [[-3.737547    7.563272   -0.91910183 -4.348719  ]]
t2-6.3.xlsx  2  1  [[-3.6371605  7.55011   -0.9392374 -4.514134 ]]
t2-6.3.xlsx  2  1  [[-3.6419022  7.9886966 -1.7866464 -4.04574  ]]
t2-6.3.xlsx  2  1  [[-3.621027   7.7591753 -1.3501079 -4.2518415]]
t2-6.3.xlsx  2  1  [[-3.7063863   7.542584   -0.95046884 -4.389463  ]]
t2-6.3.xlsx  2  1  [[-3.6359797  7.847706  -1.7125779 -3.9374838]]
t2-6.3.xlsx  2  1  [[-3.5846553  7.4070396 -1.4600617 -3.7588139]]
t2-6.3.xlsx  2  1  [[-3.804375   7.981813  -0.9380661 -4.807402 ]]
t2-6.3.xlsx  2  1  [[-3.6849995  7.923851  -1.3118751 -4.4424124]]
t2-6.3.xlsx  2  1  [[-3.6344602  8.076288  -1.8731214 -4.0705314]]
t2-6.3.xlsx  2  1  [[-3.6395938  7.0645103 -1.1071799 -3.6111965]]
t2-6.3.xlsx  2  1  [[-3.6519616  7.8480415 -1.3796531 -4.328381 ]]
t2-6.3.xlsx  2  1  [[-3.576492   7.765657  -1.7712935 -3.8553452]]
t2-6.3.xlsx  2  1  [[-3.6950152  7.5339446 -0.918034  -4.419389 ]]
t2-6.3.xlsx  2  1  [[-3.720905   7.2528152 -0.6183319 -4.321289 ]]
t2-6.3.xlsx  2  1  [[-3.640873   7.6460423 -1.2361904 -4.229646 ]]
t2-6.3.xlsx  2  1  [[-3.653059   7.7527566 -1.6808507 -3.8269062]]
t2-6.3.xlsx  2  1  [[-3.6299367  7.1879005 -0.9387155 -3.9834566]]
t2-6.3.xlsx  2  1  [[-3.592922   7.5418386 -1.4444138 -3.9395804]]
t2-6.3.xlsx  2  1  [[-3.734676    7.598033   -0.77531993 -4.569147  ]]
t2-6.3.xlsx  2  1  [[-3.6491992  7.1350274 -0.5958981 -4.3364816]]
t2-6.3.xlsx  2  1  [[-3.6027095  7.597077  -1.412422  -4.0278335]]
t2-6.3.xlsx  2  1  [[-3.7177584  7.845927  -1.1705335 -4.4620867]]
t2-6.3.xlsx  2  1  [[-3.757101   7.9929566 -1.159781  -4.649864 ]]
t2-6.3.xlsx  2  1  [[-3.6631653  7.798178  -1.3308685 -4.2726064]]
t2-6.3.xlsx  2  1  [[-3.6892905   7.547917   -0.83714026 -4.5209312 ]]
t2-6.3.xlsx  2  1  [[-3.6411123  7.765916  -1.4202151 -4.2006407]]
t2-6.3.xlsx  2  1  [[-3.71153     7.576684   -0.84276104 -4.534606  ]]
t2-6.3.xlsx  2  1  [[-3.6175256  7.937067  -1.5472901 -4.3067513]]
t2-6.3.xlsx  2  1  [[-3.6396258   6.804118   -0.23854414 -4.3142095 ]]
t2-6.3.xlsx  2  1  [[-3.7070904  8.077788  -1.6559944 -4.1896973]]
t2-6.3.xlsx  2  1  [[-3.6787593   7.5625544  -0.89986914 -4.4995513 ]]
t2-6.3.xlsx  2  1  [[-4.2551384  7.344014   2.7084148 -7.6913147]]
t2-6.3.xlsx  2  1  [[-3.5434566  6.9637876 -1.2294699 -3.4714775]]
t2-6.3.xlsx  2  1  [[-3.6527007  7.9551845 -1.7015798 -4.0958667]]
t2-6.3.xlsx  2  1  [[-3.8001442  8.152301  -1.1424294 -4.810315 ]]
t2-6.3.xlsx  2  1  [[-3.7264516  8.1623745 -1.4048923 -4.606284 ]]
t2-6.3.xlsx  2  1  [[-3.7472723  8.382075  -1.5436871 -4.708795 ]]
t2-6.3.xlsx  2  1  [[-3.6521106   7.5158477  -0.89463294 -4.47245   ]]
t2-6.3.xlsx  2  1  [[-3.6342838  7.7737775 -1.3816984 -4.230673 ]]
t2-6.3.xlsx  2  1  [[-3.7306697  7.44903   -0.7665751 -4.423396 ]]
t2-6.3.xlsx  2  1  [[-3.7727544  7.501218  -0.5768229 -4.663519 ]]
t2-6.3.xlsx  2  1  [[-3.7041643   7.7190876  -0.94323254 -4.5897603 ]]
t2-6.3.xlsx  2  1  [[-3.6724467   7.4390893  -0.84948426 -4.38999   ]]
t2-6.3.xlsx  2  1  [[-3.7202141  7.7982516 -0.88833   -4.756118 ]]
t2-6.3.xlsx  2  1  [[-3.6902556   7.4783273  -0.48621657 -4.848404  ]]
t2-6.3.xlsx  2  1  [[-3.6764092   7.423471   -0.80553484 -4.3921523 ]]
t2-6.3.xlsx  2  1  [[-3.7075882  8.119765  -1.3585327 -4.629237 ]]
t2-6.3.xlsx  2  1  [[-3.857598    7.4175267  -0.25160897 -4.819429  ]]
t2-6.3.xlsx  2  1  [[-3.6607866   7.1617055  -0.76366156 -4.1625004 ]]
t2-6.3.xlsx  2  1  [[-3.6394763  7.562074  -1.1547575 -4.2433977]]
t2-6.3.xlsx  2  1  [[-3.6165168  7.2461185 -1.335007  -3.6172028]]
t2-6.3.xlsx  2  1  [[-3.7363846  8.55007   -1.6185601 -4.8534975]]
t2-6.3.xlsx  2  1  [[-3.6386888  7.296812  -0.8000999 -4.293085 ]]
t2-6.3.xlsx  2  1  [[-3.6038911  7.287728  -1.1209726 -3.9824095]]
t2-6.3.xlsx  2  1  [[-3.8174617  7.8529315 -0.5740548 -5.0567484]]
t2-6.3.xlsx  2  1  [[-3.653577    7.3805056  -0.77462256 -4.4799066 ]]
t2-6.3.xlsx  2  1  [[-3.7435308  7.98607   -1.3494304 -4.4065676]]
t2-6.3.xlsx  2  1  [[-3.6682937  7.1758275 -0.7179907 -4.193729 ]]
t2-6.3.xlsx  2  1  [[-3.6055534  7.6725626 -1.6187141 -3.8591404]]
t2-6.3.xlsx  2  1  [[-3.7263021  8.313219  -1.3542457 -4.8712606]]
t2-6.3.xlsx  2  1  [[-3.6646986  7.438104  -0.8669577 -4.356303 ]]
t2-6.3.xlsx  2  1  [[-3.6769626  7.9134045 -1.0809308 -4.723148 ]]
t2-6.3.xlsx  2  1  [[-3.6746612  7.1544495 -0.7511538 -4.1419854]]
t2-6.3.xlsx  2  1  [[-3.551135    6.82673    -0.86768746 -3.7543077 ]]
t2-6.3.xlsx  2  1  [[-3.6662333  7.6517453 -1.3064599 -4.107787 ]]
t2-6.3.xlsx  2  1  [[-3.5855594   6.785839   -0.35757676 -4.248828  ]]
t2-6.3.xlsx  2  1  [[-3.6119695  7.3414483 -1.2485048 -3.9144368]]
t2-6.3.xlsx  2  1  [[-3.661363   7.7764635 -1.4632815 -4.117718 ]]
t2-6.3.xlsx  2  1  [[-3.6592424  8.173077  -1.5676947 -4.536041 ]]
t2-6.3.xlsx  2  1  [[-3.6952052  7.358476  -1.190615  -3.812519 ]]
t2-6.3.xlsx  2  1  [[-3.6724715  8.15468   -1.5860609 -4.4508495]]
t2-6.3.xlsx  2  1  [[-3.7695708   7.6610694  -0.79499394 -4.613179  ]]
t2-6.3.xlsx  2  1  [[-3.6704195  7.3834987 -0.6217333 -4.5818624]]
t2-6.3.xlsx  2  1  [[-3.7196991   7.734262   -0.91719574 -4.649633  ]]
t2-6.3.xlsx  2  1  [[-3.6548595   7.114647   -0.66049194 -4.2309885 ]]
t2-6.3.xlsx  2  1  [[-3.7701168  8.278986  -1.5914326 -4.4873157]]
t2-6.3.xlsx  2  1  [[-3.711771   7.955753  -1.2100261 -4.578977 ]]
t2-6.3.xlsx  2  1  [[-3.6977143   7.716187   -0.78969353 -4.8013864 ]]
t2-6.3.xlsx  2  1  [[-3.7106307   7.76885    -0.81232125 -4.823323  ]]
t2-6.3.xlsx  2  1  [[-3.7436094  7.410544  -0.6949975 -4.486814 ]]
t2-6.3.xlsx  2  1  [[-3.7198956  7.971381  -1.0734173 -4.742341 ]]
t2-6.3.xlsx  2  1  [[-3.5996494  7.8095975 -1.7559398 -3.894112 ]]
t2-6.3.xlsx  2  1  [[-3.715314   7.581565  -1.2153128 -4.07576  ]]
t2-6.3.xlsx  2  1  [[-3.7519088  8.0286255 -1.0189883 -4.840907 ]]
t2-6.3.xlsx  2  1  [[-3.7208984  7.7407384 -1.2672669 -4.221124 ]]
t2-6.3.xlsx  2  1  [[-3.6307838  7.9711676 -1.3158343 -4.6078315]]
t2-6.3.xlsx  2  1  [[-3.6726635  7.5441236 -1.0859021 -4.251956 ]]
t2-6.3.xlsx  2  1  [[-3.6745486  7.501124  -1.0178202 -4.2505174]]
t2-6.3.xlsx  2  1  [[-3.7113483  8.250657  -1.5419868 -4.5694675]]
t2-6.3.xlsx  2  1  [[-3.709244   7.805509  -1.5779151 -3.928122 ]]
t2-6.3.xlsx  2  1  [[-3.6666205  7.788854  -1.0429783 -4.6260324]]
t2-6.3.xlsx  2  1  [[-3.7318234  7.4043317 -0.6749478 -4.445331 ]]
t2-6.3.xlsx  2  1  [[-3.6755896  7.9257455 -1.2292844 -4.5618296]]
t2-6.3.xlsx  2  1  [[-3.724603   7.8975344 -1.4336032 -4.2017894]]
t2-6.3.xlsx  2  1  [[-3.6849463  7.926506  -1.21127   -4.566595 ]]
t2-6.3.xlsx  2  1  [[-3.628494   7.9822974 -1.5813497 -4.28785  ]]
t2-6.3.xlsx  2  1  [[-3.6843967  7.8761444 -1.2429452 -4.4801345]]
t2-6.3.xlsx  2  1  [[-3.7149734  7.5004067 -0.8353928 -4.420193 ]]
t2-6.3.xlsx  2  1  [[-3.7222435  8.569303  -1.6028482 -4.8995724]]
t2-6.3.xlsx  2  1  [[-3.737547    7.563272   -0.91910183 -4.348719  ]]
t2-6.3.xlsx  2  1  [[-3.6371605  7.55011   -0.9392374 -4.514134 ]]
t2-6.3.xlsx  2  1  [[-3.6419022  7.9886966 -1.7866464 -4.04574  ]]
t2-6.3.xlsx  2  1  [[-3.621027   7.7591753 -1.3501079 -4.2518415]]
t2-6.3.xlsx  2  1  [[-3.7063863   7.542584   -0.95046884 -4.389463  ]]
t2-6.3.xlsx  2  1  [[-3.6359797  7.847706  -1.7125779 -3.9374838]]
t2-6.3.xlsx  2  1  [[-3.5846553  7.4070396 -1.4600617 -3.7588139]]
t2-6.3.xlsx  2  1  [[-3.804375   7.981813  -0.9380661 -4.807402 ]]
t2-6.3.xlsx  2  1  [[-3.6849995  7.923851  -1.3118751 -4.4424124]]
t2-6.3.xlsx  2  1  [[-3.6344602  8.076288  -1.8731214 -4.0705314]]
t2-6.3.xlsx  2  1  [[-3.6395938  7.0645103 -1.1071799 -3.6111965]]
t2-6.3.xlsx  2  1  [[-3.6519616  7.8480415 -1.3796531 -4.328381 ]]
t2-6.3.xlsx  2  1  [[-3.576492   7.765657  -1.7712935 -3.8553452]]
t2-6.3.xlsx  2  1  [[-3.6950152  7.5339446 -0.918034  -4.419389 ]]
t2-6.3.xlsx  2  1  [[-3.720905   7.2528152 -0.6183319 -4.321289 ]]
t2-6.3.xlsx  2  1  [[-3.640873   7.6460423 -1.2361904 -4.229646 ]]
t2-6.3.xlsx  2  1  [[-3.653059   7.7527566 -1.6808507 -3.8269062]]
t2-6.3.xlsx  2  1  [[-3.6299367  7.1879005 -0.9387155 -3.9834566]]
t2-6.3.xlsx  2  1  [[-3.592922   7.5418386 -1.4444138 -3.9395804]]
t2-6.3.xlsx  2  1  [[-3.734676    7.598033   -0.77531993 -4.569147  ]]
t2-6.3.xlsx  2  1  [[-3.6491992  7.1350274 -0.5958981 -4.3364816]]
t2-6.3.xlsx  2  1  [[-3.6027095  7.597077  -1.412422  -4.0278335]]
t2-6.3.xlsx  2  1  [[-3.7177584  7.845927  -1.1705335 -4.4620867]]
t2-6.3.xlsx  2  1  [[-3.757101   7.9929566 -1.159781  -4.649864 ]]
t2-6.3.xlsx  2  1  [[-3.6631653  7.798178  -1.3308685 -4.2726064]]
t2-6.3.xlsx  2  1  [[-3.6892905   7.547917   -0.83714026 -4.5209312 ]]
t2-6.3.xlsx  2  1  [[-3.6411123  7.765916  -1.4202151 -4.2006407]]
t2-6.3.xlsx  2  1  [[-3.71153     7.576684   -0.84276104 -4.534606  ]]
t2-6.3.xlsx  2  1  [[-3.6175256  7.937067  -1.5472901 -4.3067513]]
t2-6.3.xlsx  2  1  [[-3.6396258   6.804118   -0.23854414 -4.3142095 ]]
t2-6.3.xlsx  2  1  [[-3.7070904  8.077788  -1.6559944 -4.1896973]]
t2-6.3.xlsx  2  1  [[-3.6787593   7.5625544  -0.89986914 -4.4995513 ]]
