t1-5.3.xlsx  4  3  [[-2.0016482e+00  9.5636584e-04 -1.0685104e+00  3.3537645e+00]]
t1-5.3.xlsx  4  3  [[ 0.45058718 -1.6380211  -2.2915337   4.0278587 ]]
t1-5.3.xlsx  4  3  [[ 0.22291362 -1.5969523  -2.381351    4.2992167 ]]
t1-5.3.xlsx  4  3  [[ 0.5050192 -1.5643864 -2.2355006  3.8317409]]
t1-5.3.xlsx  4  3  [[ 0.82936907 -1.5973209  -2.2191      3.5329337 ]]
t1-5.3.xlsx  4  3  [[ 0.48423222 -1.5451938  -2.3288264   3.917747  ]]
t1-5.3.xlsx  4  3  [[ 0.39217094 -1.6365275  -2.297291    4.088117  ]]
t1-5.3.xlsx  4  3  [[ 0.42502454 -1.5588046  -2.2827947   3.9555984 ]]
t1-5.3.xlsx  4  3  [[ 0.7151245 -1.6310834 -2.1994126  3.661828 ]]
t1-5.3.xlsx  4  3  [[ 0.4053667 -1.723237  -2.2374403  4.1084013]]
t1-5.3.xlsx  4  3  [[ 0.70668113 -1.6233588  -2.2623274   3.726431  ]]
t1-5.3.xlsx  4  3  [[ 0.43742022 -1.7307639  -2.2817032   4.1381826 ]]
t1-5.3.xlsx  4  3  [[ 0.637256  -1.6580002 -2.2110858  3.7832446]]
t1-5.3.xlsx  4  3  [[ 0.36361924 -1.6461703  -2.2390273   4.0739274 ]]
t1-5.3.xlsx  4  3  [[ 0.4660435 -1.5156205 -2.301723   3.8774633]]
t1-5.3.xlsx  4  3  [[ 0.6173469 -1.5325339 -2.2761838  3.7313714]]
t1-5.3.xlsx  4  3  [[ 0.6429664 -1.5638908 -2.3223534  3.7734928]]
t1-5.3.xlsx  4  3  [[ 0.8584827 -1.5566528 -2.2612195  3.4973922]]
t1-5.3.xlsx  4  3  [[ 0.38613504 -1.6481485  -2.2594142   4.0725846 ]]
t1-5.3.xlsx  4  3  [[ 0.44730476 -1.5504707  -2.308455    3.9501948 ]]
t1-5.3.xlsx  4  3  [[ 0.23490027 -1.6013902  -2.2989955   4.2131243 ]]
t1-5.3.xlsx  4  3  [[ 0.564211  -1.685349  -2.1436555  3.8185844]]
t1-5.3.xlsx  4  3  [[ 0.7470341 -1.5731018 -2.2475204  3.6024523]]
t1-5.3.xlsx  4  3  [[ 0.4303114 -1.6428525 -2.2758408  4.0257034]]
t1-5.3.xlsx  4  3  [[ 0.45616278 -1.6534109  -2.228505    3.9729128 ]]
t1-5.3.xlsx  4  3  [[ 0.34118482 -1.6870626  -2.340803    4.2383156 ]]
t1-5.3.xlsx  4  3  [[ 0.41236982 -1.6598866  -2.2125387   4.019549  ]]
t1-5.3.xlsx  4  3  [[ 0.32256272 -1.5482632  -2.3093052   4.061181  ]]
t1-5.3.xlsx  4  3  [[ 0.6713637 -1.5750122 -2.243812   3.6892786]]
t1-5.3.xlsx  4  3  [[ 0.5021887 -1.5673949 -2.3140142  3.9120917]]
t1-5.3.xlsx  4  3  [[ 0.3982981 -1.5629536 -2.2700481  3.9753928]]
t1-5.3.xlsx  4  3  [[ 0.6573614 -1.6090403 -2.2205303  3.7138839]]
t1-5.3.xlsx  4  3  [[ 0.77379155 -1.6494727  -2.2535472   3.67878   ]]
t1-5.3.xlsx  4  3  [[ 0.7563926 -1.515448  -2.3102674  3.5975704]]
t1-5.3.xlsx  4  3  [[ 0.8329679 -1.4867774 -2.216665   3.4071355]]
t1-5.3.xlsx  4  3  [[ 0.44167414 -1.6435483  -2.3342698   4.080014  ]]
t1-5.3.xlsx  4  3  [[ 0.1799931 -1.5322725 -2.3326452  4.2210817]]
t1-5.3.xlsx  4  3  [[ 0.38217804 -1.5744447  -2.2285323   3.9640074 ]]
t1-5.3.xlsx  4  3  [[ 0.5599024 -1.5525526 -2.2076287  3.7432632]]
t1-5.3.xlsx  4  3  [[ 0.2951587 -1.7227614 -2.268143   4.25294  ]]
t1-5.3.xlsx  4  3  [[ 0.37876284 -1.7165827  -2.266783    4.161416  ]]
t1-5.3.xlsx  4  3  [[ 0.56551206 -1.5634985  -2.319072    3.850162  ]]
t1-5.3.xlsx  4  3  [[ 0.6876037 -1.577175  -2.314898   3.7447138]]
t1-5.3.xlsx  4  3  [[ 0.5045866 -1.6883754 -2.1995037  3.9426394]]
t1-5.3.xlsx  4  3  [[ 0.4489183 -1.6688858 -2.232506   4.0130973]]
t1-5.3.xlsx  4  3  [[ 0.61595595 -1.6109289  -2.2348936   3.774963  ]]
t1-5.3.xlsx  4  3  [[ 0.52312756 -1.4934287  -2.289467    3.7845693 ]]
t1-5.3.xlsx  4  3  [[ 0.25881624 -1.7513841  -2.2196681   4.2738295 ]]
t1-5.3.xlsx  4  3  [[ 0.3829988 -1.7159839 -2.2729218  4.1675067]]
t1-5.3.xlsx  4  3  [[ 0.79802096 -1.561588   -2.2558792   3.5482821 ]]
t1-5.3.xlsx  4  3  [[ 0.17324865 -1.6929908  -2.2409      4.315735  ]]
t1-5.3.xlsx  4  3  [[ 0.5131955 -1.624523  -2.3117762  3.9681873]]
t1-5.3.xlsx  4  3  [[ 0.89976215 -1.6208689  -2.2699451   3.5318937 ]]
t1-5.3.xlsx  4  3  [[ 1.1159343 -1.6293316 -2.1512372  3.215097 ]]
t1-5.3.xlsx  4  3  [[ 0.74597037 -1.5428913  -2.2201774   3.5495057 ]]
t1-5.3.xlsx  4  3  [[ 0.31642616 -1.7059737  -2.2548888   4.203932  ]]
t1-5.3.xlsx  4  3  [[ 0.29930344 -1.630513   -2.2301211   4.110293  ]]
t1-5.3.xlsx  4  3  [[ 0.5579436 -1.7614061 -2.3240452  4.091625 ]]
t1-5.3.xlsx  4  3  [[ 0.44086358 -1.464094   -2.3030155   3.8607302 ]]
t1-5.3.xlsx  4  3  [[ 0.34656188 -1.550809   -2.2581527   3.9976873 ]]
t1-5.3.xlsx  4  3  [[ 0.66528106 -1.595546   -2.1991448   3.6736298 ]]
t1-5.3.xlsx  4  3  [[ 0.60342693 -1.6836472  -2.1372483   3.782724  ]]
t1-5.3.xlsx  4  3  [[ 0.6444255 -1.6231848 -2.247018   3.7651825]]
t1-5.3.xlsx  4  3  [[ 0.6679132 -1.6373777 -2.2380214  3.7506533]]
t1-5.3.xlsx  4  3  [[ 0.6305518 -1.5476946 -2.2650337  3.7129965]]
t1-5.3.xlsx  4  3  [[ 0.44624832 -1.6866328  -2.2730732   4.0721874 ]]
t1-5.3.xlsx  4  3  [[ 0.2785391 -1.5793118 -2.3155212  4.1520376]]
t1-5.3.xlsx  4  3  [[ 0.67604434 -1.5470479  -2.2604547   3.6694784 ]]
t1-5.3.xlsx  4  3  [[ 0.6121061 -1.661111  -2.1916275  3.7920108]]
t1-5.3.xlsx  4  3  [[ 0.43788376 -1.6087757  -2.2429037   3.9582844 ]]
t1-5.3.xlsx  4  3  [[ 0.5591159 -1.6576613 -2.1856642  3.8406782]]
t1-5.3.xlsx  4  3  [[ 0.63632   -1.5121499 -2.1695817  3.5740786]]
t1-5.3.xlsx  4  3  [[ 0.5394913 -1.5988631 -2.2883036  3.8880153]]
t1-5.3.xlsx  4  3  [[ 0.34493294 -1.6256957  -2.2322001   4.0595    ]]
t1-5.3.xlsx  4  3  [[ 0.7036662 -1.6723981 -2.196648   3.7229881]]
t1-5.3.xlsx  4  3  [[ 0.4988759 -1.595692  -2.2190206  3.8628325]]
t1-5.3.xlsx  4  3  [[ 0.3581848 -1.6064482 -2.3010724  4.093682 ]]
t1-5.3.xlsx  4  3  [[ 0.15573762 -1.6893071  -2.1986759   4.2949457 ]]
t1-5.3.xlsx  4  3  [[ 0.46544823 -1.6845721  -2.2172067   3.9990702 ]]
t1-5.3.xlsx  4  3  [[ 0.5619683 -1.5125057 -2.2980924  3.7762895]]
t1-5.3.xlsx  4  3  [[ 0.34011874 -1.649841   -2.3036497   4.160258  ]]
t1-5.3.xlsx  4  3  [[ 0.4967039 -1.6924393 -2.1888716  3.9471974]]
t1-5.3.xlsx  4  3  [[ 0.6886455 -1.4698434 -2.301658   3.6053019]]
t1-5.3.xlsx  4  3  [[ 0.711202  -1.7461916 -2.2591739  3.8569088]]
t1-5.3.xlsx  4  3  [[ 0.2956634 -1.4744042 -2.3484013  4.0439477]]
t1-5.3.xlsx  4  3  [[ 0.41913983 -1.6593428  -2.1964583   3.9974475 ]]
t1-5.3.xlsx  4  3  [[ 0.43516287 -1.6744336  -2.2462618   4.032921  ]]
t1-5.3.xlsx  4  3  [[ 0.4362525 -1.5994625 -2.207395   3.915547 ]]
t1-5.3.xlsx  4  3  [[ 0.20376852 -1.5264173  -2.3364327   4.1940494 ]]
t1-5.3.xlsx  4  3  [[ 0.51189876 -1.6731942  -2.2199423   3.9377022 ]]
t1-5.3.xlsx  4  3  [[ 0.4740722 -1.7191112 -2.20837    4.014791 ]]
t1-5.3.xlsx  4  3  [[ 0.36921784 -1.5446137  -2.2676215   3.9760923 ]]
t1-5.3.xlsx  4  3  [[ 0.35412875 -1.5541282  -2.233834    3.966288  ]]
t1-5.3.xlsx  4  3  [[ 0.8680134 -1.6527463 -2.2402313  3.581191 ]]
t1-5.3.xlsx  4  3  [[ 0.552003  -1.7110968 -2.2120664  3.9342494]]
t1-5.3.xlsx  4  3  [[ 0.60111105 -1.6025711  -2.220685    3.7700782 ]]
t1-5.3.xlsx  4  3  [[ 0.61425817 -1.6132276  -2.2444384   3.787054  ]]
t1-5.3.xlsx  4  3  [[ 0.7789781 -1.5114667 -2.3778768  3.6382637]]
t1-5.3.xlsx  4  3  [[ 0.5495392 -1.5957578 -2.2951615  3.8786511]]
t1-5.3.xlsx  4  3  [[ 0.41011623 -1.5278498  -2.3132057   3.9645395 ]]
